3098
3498
3297
2452
4255
2946
3926
3426
4213
2895
4172
3620
4797
4660
4010
4095
3029
3930
4404
2020
2455
3747
1590
2707
2320
3397
3876
3658
2310
1996
3000
2485
4412
3395
4449
3302
3895
4328
3892
3764
3922
4459
4236
3535
2957
2927
3499
4537
4288
4048
3371
3901
3344
4745
3118
3093
3410
4024
3053
3571
3740
4374
4550
3060
3460
3791
3116
3078
1974
1990
3433
4349
3340
2681
2628
4813
2221
2384
2721
3463
2748
2973
1999
3474
3689
1924
1948
110
1946
1950
4080
2298
3407
3374
2881
3208
3660
4282
2269
4562
3212
2453
2769
2213
1981
2573
3913
2912
4208
2066
2813
2264
4757
4466
3634
3422
2302
2215
3190
4038
3237
4008
2440
2759
4796
2225
2914
2217
3383
3087
1488
1293
1285
1501
1514
1484
2540
2079
3440
4142
2928
2794
3762
1988
3434
4409
4998
3619
4772
4060
2508
3514
2457
4167
2724
2475
2222
3264
2731
2692
4698
2144
3080
1945
2837
2049
2008
3519
1964
2775
4319
3396
1892
2297
2550
2514
2924
2683
3491
2236
3022
4844
2085
3956
2151
2767
2644
2278
2800
3335
4140
4819
2569
1620
1606
1364
1394
2088
1599
1936
1932
1753
1333
3782
2129
1849
1584
1965
1923
1736
1341
2606
3001
2398
1547
2006
2223
2549
2065
1383
1669
1628
1372
3530
4627
3975
3096
4045
3390
4295
2738
4025
3416
3590
2447
2677
4858
4884
4881
4875
4846
4856
4873
4863
2442
3476
2596
2971
2793
3729
4290
4212
4518
2849
2497
2494
2825
2844
4919
2824
2001
2541
1301
3912
3279
3441
4684
3969
2530
3247
2985
3800
4036
3582
2015
2736
4759
3595
2535
1639
3289
2159
2411
3140
3444
2639
2417
3625
2195
2294
1987
2459
2405
3088
3509
4498
4517
3122
3830
4533
