1 9 410 0
2 0 0 0
3 39 536 0
4 0 0 0
5 0 0 0
6 0 0 0
7 0 0 0
8 20 200 0
9 0 0 0
10 15 89 0
11 0 0 0
12 26 193 0
13 0 0 0
14 2 65 0
15 0 0 0
16 0 0 0
17 0 0 0
18 0 0 0
19 0 0 0
20 0 0 0
21 0 0 0
22 3 181 0
23 50 132 0
24 0 0 0
25 0 0 0
26 0 0 0
27 0 0 0
28 0 0 0
29 0 0 0
30 0 0 0
31 0 0 0
32 0 0 0
33 0 0 0
34 26 82 0
35 347 86 0
36 55 123 0
37 21 395 0
38 0 0 0
39 0 0 0
40 0 0 0
41 0 0 0
42 0 0 0
43 42 228 0
44 8 271 0
45 0 0 0
46 0 0 0
47 0 0 0
48 13 201 0
49 0 0 0
50 0 0 0
51 8 87 0
52 0 0 0
53 48 210 0
54 17 82 0
55 20 71 0
56 0 0 0
57 0 0 0
58 5 411 0
59 30 382 0
60 0 0 0
61 0 0 0
62 0 0 0
63 0 0 0
64 55 352 0
65 0 0 0
66 0 0 0
67 0 0 0
68 38 537 0
69 39 544 0
70 0 0 0
71 0 0 0
72 0 0 0
73 8 173 0
74 0 0 0
75 33 246 0
76 12 118 0
77 32 237 0
78 0 0 0
79 0 0 0
80 14 338 0
81 33 207 0
82 6 312 0
83 6 313 0
84 20 269 0
85 32 171 0
86 2 79 0
87 32 113 0
88 0 0 0
89 0 0 0
90 0 0 0
91 0 0 0
92 9 458 0
93 0 0 0
94 0 0 0
95 17 260 0
96 0 0 0
97 13 702 0
98 1 127 0
99 0 0 0
100 0 0 0
101 0 0 0
102 0 0 0
103 0 0 0
104 0 0 0
105 0 0 0
106 0 0 0
107 42 706 0
108 42 229 0
109 0 0 0
110 0 0 0
111 0 0 0
112 0 0 0
113 0 0 0
114 354 201 0
115 5 319 0
116 22 272 0
117 49 215 0
118 16 560 0
119 50 105 0
120 192 121 0
121 6 232 0
122 139 110 0
123 9 234 0
124 32 602 0
125 0 0 0
126 0 0 0
127 0 0 0
128 0 0 0
129 0 0 0
130 0 0 0
131 0 0 0
132 0 0 0
133 0 0 0
134 26 311 0
135 0 0 0
136 0 0 0
137 713 710 0
138 12 83 0
139 0 0 0
140 3 88 0
141 1 220 0
142 24 304 0
143 25 188 0
144 42 229 0
145 26 121 0
146 26 121 0
147 2 271 0
148 9 112 0
149 9 234 0
150 32 798 0
151 1 208 0
152 0 0 0
153 0 0 0
154 0 0 0
155 0 0 0
156 0 0 0
157 0 0 0
158 0 0 0
159 0 0 0
160 0 0 0
161 0 0 0
162 0 0 0
163 0 0 0
164 0 0 0
165 13 166 0
166 354 201 0
167 42 230 0
168 0 0 0
169 0 0 0
170 0 0 0
171 0 0 0
172 0 0 0
173 0 0 0
174 0 0 0
175 0 0 0
176 0 0 0
177 32 65 0
178 120 445 0
179 48 126 0
180 48 210 0
181 15 89 0
182 1 221 0
183 21 90 0
184 94 131 0
185 94 764 0
186 24 303 0
187 24 553 0
188 16 773 0
189 50 105 0
190 57 108 0
191 320 109 0
192 26 194 0
193 6 232 0
194 6 590 0
195 347 86 0
196 148 92 0
197 2 71 0
198 20 72 0
199 2 173 0
200 9 600 0
201 0 0 0
202 0 0 0
203 0 0 0
204 0 0 0
205 0 0 0
206 0 0 0
207 39 699 0
208 0 0 0
209 0 0 0
210 0 0 0
211 1 88 0
212 0 0 0
213 0 0 0
214 0 0 0
215 0 0 0
216 0 0 0
217 0 0 0
218 0 0 0
219 0 0 0
220 0 0 0
221 0 0 0
222 0 0 0
223 0 0 0
224 0 0 0
225 0 0 0
226 0 0 0
227 0 0 0
228 0 0 0
229 0 0 0
230 0 0 0
231 0 0 0
232 0 0 0
233 0 0 0
234 0 0 0
235 0 0 0
236 0 0 0
237 0 0 0
238 0 0 0
239 0 0 0
240 0 0 0
241 0 0 0
242 15 211 0
243 16 506 0
244 38 159 0
245 38 217 0
246 1 390 0
247 1 391 0
248 1 103 0
249 1 104 0
250 1 163 0
251 1 547 0
252 21 164 0
253 94 90 0
254 21 131 0
255 16 560 0
256 50 306 0
257 42 229 0
258 17 340 0
259 145 255 0
260 26 83 0
261 26 193 0
262 26 135 0
263 2 110 0
264 347 592 0
265 2 92 0
266 148 689 0
267 20 71 0
268 20 171 0
269 9 171 0
270 9 598 0
271 9 234 0
272 0 0 0
273 0 0 0
274 0 0 0
275 4 247 0
276 202 456 0
277 0 0 0
278 0 0 0
279 38 698 0
280 0 0 0
281 0 0 0
282 6 169 0
283 0 0 0
284 40 701 0
285 0 0 0
286 0 0 0
287 0 0 0
288 0 0 0
289 0 0 0
290 0 0 0
291 0 0 0
292 0 0 0
293 0 0 0
294 0 0 0
295 0 0 0
296 0 0 0
297 1 705 0
298 0 0 0
299 0 0 0
300 0 0 0
301 0 0 0
302 0 0 0
303 0 0 0
304 0 0 0
305 0 0 0
306 0 0 0
307 0 0 0
308 57 309 0
309 42 229 0
310 0 0 0
311 0 0 0
312 0 0 0
313 0 0 0
314 189 341 0
315 20 412 0
316 2 237 0
317 712 319 0
318 0 0 0
319 0 0 0
320 42 228 0
321 10 96 0
322 176 454 0
323 48 491 0
324 3 89 0
325 455 495 0
326 62 741 0
327 16 288 0
328 16 288 0
329 49 291 0
330 38 128 0
331 38 293 0
332 1 100 0
333 1 102 0
334 21 90 0
335 94 131 0
336 21 302 0
337 21 302 0
338 24 401 0
339 119 188 0
340 119 439 0
341 16 305 0
342 17 255 0
343 17 83 0
344 26 83 0
345 26 91 0
346 26 91 0
347 148 683 0
348 5 149 0
349 5 353 0
350 20 93 0
351 20 71 0
352 2 318 0
353 2 136 0
354 0 0 0
355 0 0 0
356 0 0 0
357 0 0 0
358 1 301 0
359 0 0 0
360 202 457 0
361 11 696 0
362 11 697 0
363 117 245 0
364 0 0 0
365 1 700 0
366 1 208 0
367 0 0 0
368 0 0 0
369 0 0 0
370 0 0 0
371 0 0 0
372 0 0 0
373 0 0 0
374 0 0 0
375 0 0 0
376 0 0 0
377 0 0 0
378 0 0 0
379 0 0 0
380 0 0 0
381 0 0 0
382 0 0 0
383 0 0 0
384 0 0 0
385 0 0 0
386 0 0 0
387 0 0 0
388 0 0 0
389 0 0 0
390 0 0 0
391 0 0 0
392 0 0 0
393 0 0 0
394 0 0 0
395 0 0 0
396 0 0 0
397 0 0 0
398 0 0 0
399 0 0 0
400 0 0 0
401 0 0 0
402 13 191 0
403 42 567 0
404 0 0 0
405 0 0 0
406 0 0 0
407 0 0 0
408 20 174 0
409 0 0 0
410 0 0 0
411 0 0 0
412 0 0 0
413 202 709 0
414 0 0 0
415 0 0 0
416 0 0 0
417 0 0 0
418 10 96 0
419 10 96 0
420 6 169 0
421 47 371 0
422 48 126 0
423 48 210 0
424 3 242 0
425 3 99 0
426 15 127 0
427 15 127 0
428 16 214 0
429 16 507 0
430 49 292 0
431 30 294 0
432 38 385 0
433 38 539 0
434 38 539 0
435 1 161 0
436 21 164 0
437 21 90 0
438 16 70 0
439 16 225 0
440 50 307 0
441 57 107 0
442 17 260 0
443 17 83 0
444 192 449 0
445 145 82 0
446 6 232 0
447 6 232 0
448 6 169 0
449 6 169 0
450 347 592 0
451 5 352 0
452 20 123 0
453 68 269 0
454 20 72 0
455 32 79 0
456 0 0 0
457 0 0 0
458 0 0 0
459 0 0 0
460 0 0 0
461 0 0 0
462 0 0 0
463 0 0 0
464 0 0 0
465 0 0 0
466 0 0 0
467 0 0 0
468 0 0 0
469 0 0 0
470 0 0 0
471 0 0 0
472 0 0 0
473 202 694 0
474 202 456 0
475 43 201 0
476 43 228 0
477 0 0 0
478 0 0 0
479 0 0 0
480 0 0 0
481 0 0 0
482 0 0 0
483 0 0 0
484 0 0 0
485 0 0 0
486 6 135 0
487 0 0 0
488 0 0 0
489 40 372 0
490 0 0 0
491 0 0 0
492 0 0 0
493 0 0 0
494 0 0 0
495 0 0 0
496 0 0 0
497 0 0 0
498 0 0 0
499 0 0 0
500 0 0 0
501 0 0 0
502 0 0 0
503 0 0 0
504 0 0 0
505 0 0 0
506 0 0 0
507 0 0 0
508 0 0 0
509 0 0 0
510 0 0 0
511 0 0 0
512 0 0 0
513 0 0 0
514 0 0 0
515 0 0 0
516 0 0 0
517 0 0 0
518 0 0 0
519 0 0 0
520 0 0 0
521 39 703 0
522 11 704 0
523 0 0 0
524 0 0 0
525 0 0 0
526 0 0 0
527 0 0 0
528 0 0 0
529 0 0 0
530 0 0 0
531 0 0 0
532 0 0 0
533 0 0 0
534 0 0 0
535 0 0 0
536 0 0 0
537 0 0 0
538 0 0 0
539 0 0 0
540 0 0 0
541 0 0 0
542 0 0 0
543 0 0 0
544 0 0 0
545 1 301 0
546 0 0 0
547 0 0 0
548 0 0 0
549 0 0 0
550 0 0 0
551 0 0 0
552 0 0 0
553 0 0 0
554 0 0 0
555 0 0 0
556 0 0 0
557 0 0 0
558 0 0 0
559 0 0 0
560 0 0 0
561 13 846 0
562 13 310 0
563 13 310 0
564 13 229 0
565 13 166 0
566 0 0 0
567 0 0 0
568 0 0 0
569 0 0 0
570 0 0 0
571 0 0 0
572 0 0 0
573 0 0 0
574 0 0 0
575 0 0 0
576 0 0 0
577 0 0 0
578 0 0 0
579 0 0 0
580 0 0 0
581 0 0 0
582 0 0 0
583 0 0 0
584 0 0 0
585 0 0 0
586 0 0 0
587 0 0 0
588 0 0 0
589 0 0 0
590 0 0 0
591 39 707 0
592 2 411 0
593 0 0 0
594 20 174 0
595 20 174 0
596 9 708 0
597 0 0 0
598 0 0 0
599 0 0 0
600 0 0 0
601 0 0 0
602 0 0 0
603 0 0 0
604 57 107 0
605 59 293 0
606 22 468 0
607 22 357 0
608 22 637 0
609 10 204 0
610 10 274 0
611 10 250 0
612 14 338 0
613 14 186 0
614 14 186 0
615 14 187 0
616 14 142 0
617 12 282 0
618 6 135 0
619 47 153 0
620 47 153 0
621 47 285 0
622 47 157 0
623 40 125 0
624 40 125 0
625 40 490 0
626 48 180 0
627 48 179 0
628 3 426 0
629 3 636 0
630 3 181 0
631 3 182 0
632 3 99 0
633 3 88 0
634 3 88 0
635 3 89 0
636 15 127 0
637 137 498 0
638 137 498 0
639 16 506 0
640 30 529 0
641 11 531 0
642 30 158 0
643 11 755 0
644 30 535 0
645 30 757 0
646 39 543 0
647 4 100 0
648 1 219 0
649 1 162 0
650 1 389 0
651 1 103 0
652 1 299 0
653 21 254 0
654 63 335 0
655 94 90 0
656 63 131 0
657 21 131 0
658 415 396 0
659 24 224 0
660 24 401 0
661 25 256 0
662 25 70 0
663 16 133 0
664 28 166 0
665 42 779 0
666 17 340 0
667 12 118 0
668 12 258 0
669 26 194 0
670 6 168 0
671 189 312 0
672 196 77 0
673 5 350 0
674 31 197 0
675 31 197 0
676 8 149 0
677 8 149 0
678 20 269 0
679 68 200 0
680 68 150 0
681 5 85 0
682 55 72 0
683 9 111 0
684 5 112 0
685 20 234 0
686 20 113 0
687 5 65 0
688 2 65 0
689 32 65 0
690 2 236 0
691 0 0 0
692 0 0 0
693 0 0 0
694 0 0 0
695 0 0 0
696 0 0 0
697 0 0 0
698 0 0 0
699 0 0 0
700 0 0 0
701 0 0 0
702 354 691 0
703 0 0 0
704 0 0 0
705 0 0 0
706 0 0 0
707 0 0 0
708 9 692 0
709 0 0 0
710 0 0 0
711 9 693 0
712 0 0 0
713 0 0 0
714 0 0 0
715 0 0 0
716 0 0 0
717 0 0 0
718 0 0 0
719 0 0 0
720 0 0 0
721 0 0 0
722 44 457 0
723 43 201 0
724 40 695 0
725 0 0 0
726 0 0 0
727 0 0 0
728 0 0 0
729 0 0 0
730 0 0 0
731 0 0 0
732 0 0 0
733 40 490 0
734 48 373 0
735 0 0 0
736 0 0 0
737 0 0 0
738 0 0 0
739 0 0 0
740 0 0 0
741 0 0 0
742 0 0 0
743 0 0 0
744 0 0 0
745 0 0 0
746 0 0 0
747 0 0 0
748 0 0 0
749 0 0 0
750 0 0 0
751 0 0 0
752 0 0 0
753 0 0 0
754 0 0 0
755 0 0 0
756 0 0 0
757 0 0 0
758 0 0 0
759 0 0 0
760 0 0 0
761 0 0 0
762 0 0 0
763 0 0 0
764 0 0 0
765 0 0 0
766 0 0 0
767 0 0 0
768 0 0 0
769 0 0 0
770 0 0 0
771 0 0 0
772 0 0 0
773 0 0 0
774 711 458 0
775 13 190 0
776 13 191 0
777 0 0 0
778 0 0 0
779 0 0 0
780 0 0 0
781 0 0 0
782 0 0 0
783 0 0 0
784 0 0 0
785 0 0 0
786 0 0 0
787 0 0 0
788 0 0 0
789 0 0 0
790 0 0 0
791 0 0 0
792 0 0 0
793 0 0 0
794 0 0 0
795 0 0 0
796 31 79 0
797 8 113 0
798 0 0 0
799 0 0 0
800 0 0 0
801 59 216 0
802 46 217 0
803 59 385 0
804 22 638 0
805 22 326 0
806 10 273 0
807 44 276 0
808 76 362 0
809 76 251 0
810 12 486 0
811 114 487 0
812 114 488 0
813 114 283 0
814 47 152 0
815 40 209 0
816 47 155 0
817 7 156 0
818 47 156 0
819 40 125 0
820 40 125 0
821 58 627 0
822 58 323 0
823 143 126 0
824 3 427 0
825 3 636 0
826 3 182 0
827 3 89 0
828 16 507 0
829 16 744 0
830 49 534 0
831 30 218 0
832 39 542 0
833 4 249 0
834 1 391 0
835 15 299 0
836 1 163 0
837 63 164 0
838 21 395 0
839 24 555 0
840 119 306 0
841 25 133 0
842 43 403 0
843 28 191 0
844 28 190 0
845 13 190 0
846 57 226 0
847 12 118 0
848 17 344 0
849 17 345 0
850 120 261 0
851 12 134 0
852 12 194 0
853 6 231 0
854 6 231 0
855 6 232 0
856 195 314 0
857 139 92 0
858 31 315 0
859 8 678 0
860 5 350 0
861 8 71 0
862 5 172 0
863 32 113 0
864 32 602 0
865 32 412 0
866 32 412 0
867 32 237 0
868 32 237 0
869 32 237 0
870 9 411 0
871 32 800 0
872 13 799 0
873 32 601 0
874 32 601 0
875 32 174 0
876 32 174 0
877 2 174 0
878 2 600 0
879 32 599 0
880 32 599 0
881 32 236 0
882 2 236 0
883 2 236 0
884 2 236 0
885 9 136 0
886 9 136 0
887 2 136 0
888 2 136 0
889 2 136 0
890 2 136 0
891 13 319 0
892 2 319 0
893 9 410 0
894 2 410 0
895 32 65 0
896 32 65 0
897 2 65 0
898 2 65 0
899 2 65 0
900 5 65 0
901 5 65 0
902 9 235 0
903 9 235 0
904 9 235 0
905 2 235 0
906 5 235 0
907 2 113 0
908 2 113 0
909 20 113 0
910 20 113 0
911 9 409 0
912 2 409 0
913 5 409 0
914 32 79 0
915 2 79 0
916 2 79 0
917 2 79 0
918 2 79 0
919 5 79 0
920 5 79 0
921 9 173 0
922 9 173 0
923 2 173 0
924 20 173 0
925 32 318 0
926 2 318 0
927 2 318 0
928 9 234 0
929 9 598 0
930 9 172 0
931 9 172 0
932 9 172 0
933 74 172 0
934 5 172 0
935 13 112 0
936 13 112 0
937 2 112 0
938 2 112 0
939 5 112 0
940 5 112 0
941 9 78 0
942 9 78 0
943 9 78 0
944 9 78 0
945 9 78 0
946 5 78 0
947 5 78 0
948 5 78 0
949 5 78 0
950 5 78 0
951 32 171 0
952 9 171 0
953 20 171 0
954 9 111 0
955 9 111 0
956 2 111 0
957 5 111 0
958 68 111 0
959 68 111 0
960 68 111 0
961 9 72 0
962 20 72 0
963 20 72 0
964 20 72 0
965 20 72 0
966 55 72 0
967 55 72 0
968 8 72 0
969 2 71 0
970 2 71 0
971 2 71 0
972 8 71 0
973 31 71 0
974 31 71 0
975 5 597 0
976 68 597 0
977 9 93 0
978 20 93 0
979 20 93 0
980 5 93 0
981 5 93 0
982 5 93 0
983 5 93 0
984 5 93 0
985 9 317 0
986 9 317 0
987 9 317 0
988 9 317 0
989 2 596 0
990 2 596 0
991 74 85 0
992 74 85 0
993 5 85 0
994 5 85 0
995 5 85 0
996 5 85 0
997 5 85 0
998 51 85 0
999 51 85 0
1000 74 150 0
1001 74 150 0
1002 20 150 0
1003 20 150 0
1004 20 150 0
1005 68 150 0
1006 74 863 0
1007 74 87 0
1008 74 87 0
1009 74 87 0
1010 5 87 0
1011 5 87 0
1012 55 87 0
1013 55 87 0
1014 8 87 0
1015 8 87 0
1016 74 124 0
1017 74 124 0
1018 5 124 0
1019 5 124 0
1020 5 124 0
1021 5 124 0
1022 64 124 0
1023 64 124 0
1024 20 271 0
1025 8 271 0
1026 8 271 0
1027 31 200 0
1028 31 200 0
1029 64 200 0
1030 64 200 0
1031 20 270 0
1032 20 270 0
1033 20 270 0
1034 8 270 0
1035 8 270 0
1036 20 269 0
1037 68 269 0
1038 5 353 0
1039 31 353 0
1040 31 353 0
1041 20 123 0
1042 55 123 0
1043 8 123 0
1044 8 123 0
1045 64 123 0
1046 64 123 0
1047 8 149 0
1048 8 149 0
1049 8 149 0
1050 8 149 0
1051 5 316 0
1052 68 316 0
1053 68 316 0
1054 68 316 0
1055 5 197 0
1056 5 197 0
1057 31 197 0
1058 31 197 0
1059 5 352 0
1060 55 352 0
1061 5 350 0
1062 8 350 0
1063 55 685 0
1064 55 685 0
1065 31 268 0
1066 31 268 0
1067 31 268 0
1068 31 268 0
1069 64 268 0
1070 55 688 0
1071 55 688 0
1072 55 147 0
1073 55 147 0
1074 55 147 0
1075 55 147 0
1076 8 147 0
1077 64 147 0
1078 64 147 0
1079 115 678 0
1080 31 686 0
1081 64 686 0
1082 31 349 0
1083 31 349 0
1084 8 349 0
1085 8 349 0
1086 417 452 0
1087 8 452 0
1088 8 452 0
1089 31 315 0
1090 8 315 0
1091 8 315 0
1092 31 595 0
1093 31 595 0
1094 31 408 0
1095 31 408 0
1096 8 408 0
1097 5 594 0
1098 5 594 0
1099 417 351 0
1100 417 351 0
1101 8 351 0
1102 8 351 0
1103 31 267 0
1104 31 267 0
1105 8 267 0
1106 8 267 0
1107 8 267 0
1108 31 348 0
1109 31 348 0
1110 51 348 0
1111 51 348 0
1112 8 453 0
1113 8 453 0
1114 8 453 0
1115 51 862 0
1116 51 684 0
1117 51 684 0
1118 115 673 0
1119 115 673 0
1120 64 797 0
1121 51 681 0
1122 51 681 0
1123 115 679 0
1124 115 679 0
1125 51 680 0
1126 51 680 0
1127 64 593 0
1128 64 593 0
1129 115 861 0
1130 115 677 0
1131 115 677 0
1132 8 676 0
1133 8 676 0
1134 8 675 0
1135 8 675 0
1136 51 674 0
1137 51 674 0
1138 51 682 0
1139 51 682 0
1140 51 858 0
1141 51 796 0
1142 51 859 0
1143 148 689 0
1144 2 77 0
1145 2 77 0
1146 2 77 0
1147 2 77 0
1148 196 77 0
1149 196 77 0
1150 35 77 0
1151 35 77 0
1152 35 77 0
1153 35 77 0
1154 148 683 0
1155 148 92 0
1156 139 92 0
1157 35 92 0
1158 35 92 0
1159 95 92 0
1160 95 92 0
1161 148 86 0
1162 196 86 0
1163 196 86 0
1164 122 86 0
1165 122 86 0
1166 95 86 0
1167 95 86 0
1168 95 86 0
1169 139 266 0
1170 139 266 0
1171 122 266 0
1172 122 266 0
1173 95 266 0
1174 35 265 0
1175 35 265 0
1176 35 265 0
1177 35 265 0
1178 35 265 0
1179 196 264 0
1180 122 264 0
1181 122 264 0
1182 95 264 0
1183 95 264 0
1184 122 450 0
1185 122 450 0
1186 95 450 0
1187 35 263 0
1188 35 263 0
1189 35 263 0
1190 35 263 0
1191 35 263 0
1192 35 857 0
1193 35 672 0
1194 35 672 0
1195 2 110 0
1196 2 110 0
1197 139 110 0
1198 35 110 0
1199 35 110 0
1200 35 110 0
1201 2 170 0
1202 2 170 0
1203 139 170 0
1204 35 170 0
1205 35 170 0
1206 35 170 0
1207 2 795 0
1208 195 314 0
1209 195 314 0
1210 33 314 0
1211 33 856 0
1212 33 448 0
1213 33 448 0
1214 33 448 0
1215 33 341 0
1216 33 341 0
1217 33 341 0
1218 195 640 0
1219 195 640 0
1220 195 591 0
1221 33 591 0
1222 33 432 0
1223 33 432 0
1224 33 432 0
1225 33 645 0
1226 33 645 0
1227 6 794 0
1228 6 590 0
1229 6 589 0
1230 6 589 0
1231 6 313 0
1232 6 313 0
1233 6 313 0
1234 6 407 0
1235 6 407 0
1236 6 407 0
1237 6 135 0
1238 6 135 0
1239 6 135 0
1240 189 312 0
1241 26 312 0
1242 6 91 0
1243 6 91 0
1244 6 91 0
1245 26 91 0
1246 26 91 0
1247 192 91 0
1248 192 91 0
1249 6 169 0
1250 6 169 0
1251 6 233 0
1252 6 233 0
1253 189 233 0
1254 189 233 0
1255 6 233 0
1256 6 311 0
1257 6 311 0
1258 189 311 0
1259 6 231 0
1260 6 231 0
1261 6 231 0
1262 6 168 0
1263 26 168 0
1264 26 168 0
1265 17 168 0
1266 17 168 0
1267 26 82 0
1268 145 82 0
1269 145 82 0
1270 17 82 0
1271 17 82 0
1272 12 82 0
1273 12 82 0
1274 26 670 0
1275 145 670 0
1276 26 194 0
1277 26 194 0
1278 12 194 0
1279 26 193 0
1280 26 193 0
1281 17 193 0
1282 17 193 0
1283 26 121 0
1284 26 121 0
1285 192 121 0
1286 12 121 0
1287 12 121 0
1288 26 449 0
1289 192 449 0
1290 26 447 0
1291 26 447 0
1292 26 447 0
1293 26 671 0
1294 26 671 0
1295 12 83 0
1296 12 83 0
1297 12 83 0
1298 12 83 0
1299 12 83 0
1300 17 669 0
1301 17 669 0
1302 17 146 0
1303 17 146 0
1304 17 146 0
1305 17 146 0
1306 17 146 0
1307 17 146 0
1308 12 146 0
1309 17 134 0
1310 17 134 0
1311 17 134 0
1312 17 134 0
1313 12 134 0
1314 138 134 0
1315 12 259 0
1316 120 259 0
1317 120 259 0
1318 12 259 0
1319 12 259 0
1320 120 445 0
1321 138 445 0
1322 17 261 0
1323 17 261 0
1324 120 261 0
1325 138 261 0
1326 12 345 0
1327 17 345 0
1328 138 345 0
1329 17 344 0
1330 17 344 0
1331 178 344 0
1332 17 260 0
1333 178 260 0
1334 178 260 0
1335 12 258 0
1336 12 258 0
1337 12 258 0
1338 12 258 0
1339 138 666 0
1340 138 666 0
1341 17 444 0
1342 17 444 0
1343 12 444 0
1344 12 667 0
1345 12 667 0
1346 178 852 0
1347 120 442 0
1348 12 442 0
1349 12 442 0
1350 120 443 0
1351 12 443 0
1352 12 443 0
1353 12 848 0
1354 138 850 0
1355 178 849 0
1356 178 851 0
1357 145 255 0
1358 145 118 0
1359 12 118 0
1360 12 118 0
1361 12 118 0
1362 12 118 0
1363 17 340 0
1364 17 340 0
1365 6 588 0
1366 6 588 0
1367 241 587 0
1368 241 587 0
1369 241 586 0
1370 241 586 0
1371 241 793 0
1372 177 585 0
1373 177 585 0
1374 177 584 0
1375 177 584 0
1376 177 583 0
1377 177 583 0
1378 416 406 0
1379 416 406 0
1380 416 406 0
1381 67 582 0
1382 67 582 0
1383 67 581 0
1384 67 581 0
1385 67 580 0
1386 67 580 0
1387 67 579 0
1388 67 579 0
1389 29 578 0
1390 29 578 0
1391 29 577 0
1392 29 577 0
1393 29 792 0
1394 29 791 0
1395 67 576 0
1396 67 576 0
1397 29 575 0
1398 29 575 0
1399 29 574 0
1400 29 574 0
1401 29 405 0
1402 29 405 0
1403 29 405 0
1404 29 790 0
1405 29 573 0
1406 29 573 0
1407 29 789 0
1408 29 788 0
1409 29 572 0
1410 29 572 0
1411 29 787 0
1412 29 571 0
1413 29 571 0
1414 29 786 0
1415 29 570 0
1416 29 570 0
1417 240 785 0
1418 240 784 0
1419 240 783 0
1420 29 782 0
1421 29 569 0
1422 29 569 0
1423 67 568 0
1424 67 568 0
1425 240 781 0
1426 240 780 0
1427 42 230 0
1428 42 230 0
1429 42 230 0
1430 42 230 0
1431 42 567 0
1432 42 228 0
1433 42 228 0
1434 57 310 0
1435 57 310 0
1436 42 227 0
1437 320 227 0
1438 320 227 0
1439 144 227 0
1440 144 227 0
1441 42 778 0
1442 42 109 0
1443 42 109 0
1444 320 109 0
1445 13 109 0
1446 13 109 0
1447 43 109 0
1448 43 109 0
1449 57 404 0
1450 57 404 0
1451 43 404 0
1452 57 566 0
1453 57 566 0
1454 144 226 0
1455 28 226 0
1456 13 226 0
1457 13 226 0
1458 57 108 0
1459 13 108 0
1460 13 108 0
1461 28 108 0
1462 28 108 0
1463 13 108 0
1464 13 108 0
1465 28 309 0
1466 28 309 0
1467 13 309 0
1468 57 107 0
1469 13 107 0
1470 28 107 0
1471 28 107 0
1472 28 107 0
1473 28 107 0
1474 57 167 0
1475 144 167 0
1476 144 167 0
1477 13 167 0
1478 13 167 0
1479 13 167 0
1480 57 777 0
1481 57 166 0
1482 144 166 0
1483 28 166 0
1484 28 665 0
1485 13 665 0
1486 13 441 0
1487 28 441 0
1488 28 441 0
1489 28 190 0
1490 13 190 0
1491 13 190 0
1492 13 191 0
1493 28 191 0
1494 13 191 0
1495 144 257 0
1496 28 257 0
1497 28 257 0
1498 13 257 0
1499 13 257 0
1500 43 165 0
1501 28 165 0
1502 28 165 0
1503 28 165 0
1504 28 165 0
1505 28 165 0
1506 43 565 0
1507 28 565 0
1508 604 564 0
1509 604 564 0
1510 43 308 0
1511 43 308 0
1512 28 308 0
1513 28 308 0
1514 13 403 0
1515 13 403 0
1516 43 776 0
1517 43 402 0
1518 43 402 0
1519 43 402 0
1520 28 775 0
1521 43 563 0
1522 43 563 0
1523 13 562 0
1524 13 562 0
1525 43 561 0
1526 43 561 0
1527 43 844 0
1528 50 106 0
1529 50 106 0
1530 50 106 0
1531 50 106 0
1532 25 106 0
1533 25 106 0
1534 25 106 0
1535 25 106 0
1536 50 105 0
1537 603 105 0
1538 603 105 0
1539 25 105 0
1540 25 105 0
1541 25 105 0
1542 50 133 0
1543 16 133 0
1544 16 133 0
1545 25 133 0
1546 25 133 0
1547 50 307 0
1548 119 307 0
1549 119 307 0
1550 50 306 0
1551 50 306 0
1552 16 225 0
1553 25 225 0
1554 25 225 0
1555 25 225 0
1556 16 70 0
1557 16 70 0
1558 16 70 0
1559 16 70 0
1560 25 70 0
1561 25 70 0
1562 25 70 0
1563 25 70 0
1564 25 70 0
1565 50 132 0
1566 50 132 0
1567 50 774 0
1568 25 305 0
1569 25 305 0
1570 25 305 0
1571 119 439 0
1572 119 439 0
1573 119 188 0
1574 25 188 0
1575 25 188 0
1576 25 440 0
1577 25 440 0
1578 25 663 0
1579 25 663 0
1580 25 256 0
1581 25 256 0
1582 339 662 0
1583 339 662 0
1584 339 841 0
1585 339 840 0
1586 24 772 0
1587 24 559 0
1588 24 559 0
1589 24 558 0
1590 24 558 0
1591 24 557 0
1592 24 557 0
1593 24 401 0
1594 24 400 0
1595 24 400 0
1596 24 400 0
1597 24 304 0
1598 19 304 0
1599 19 304 0
1600 24 556 0
1601 24 556 0
1602 24 555 0
1603 24 771 0
1604 24 224 0
1605 19 224 0
1606 19 224 0
1607 19 224 0
1608 24 223 0
1609 24 223 0
1610 19 223 0
1611 19 223 0
1612 19 223 0
1613 24 554 0
1614 24 554 0
1615 24 553 0
1616 19 770 0
1617 19 769 0
1618 24 399 0
1619 19 399 0
1620 19 399 0
1621 24 303 0
1622 19 303 0
1623 19 303 0
1624 19 398 0
1625 19 398 0
1626 19 398 0
1627 24 768 0
1628 415 767 0
1629 415 766 0
1630 19 552 0
1631 19 552 0
1632 19 659 0
1633 19 659 0
1634 19 660 0
1635 19 660 0
1636 19 658 0
1637 19 658 0
1638 19 551 0
1639 19 551 0
1640 19 397 0
1641 19 397 0
1642 19 397 0
1643 19 550 0
1644 19 550 0
1645 19 765 0
1646 19 835 0
1647 19 396 0
1648 19 396 0
1649 655 763 0
1650 21 395 0
1651 94 302 0
1652 21 302 0
1653 21 131 0
1654 63 131 0
1655 21 90 0
1656 37 90 0
1657 37 90 0
1658 37 90 0
1659 94 222 0
1660 655 222 0
1661 21 222 0
1662 37 222 0
1663 37 222 0
1664 94 394 0
1665 94 394 0
1666 21 394 0
1667 438 130 0
1668 438 130 0
1669 21 130 0
1670 37 130 0
1671 37 130 0
1672 56 130 0
1673 56 130 0
1674 438 164 0
1675 21 164 0
1676 56 164 0
1677 21 184 0
1678 21 184 0
1679 37 184 0
1680 37 184 0
1681 56 184 0
1682 56 184 0
1683 21 335 0
1684 63 335 0
1685 21 335 0
1686 21 253 0
1687 37 253 0
1688 37 253 0
1689 21 253 0
1690 21 253 0
1691 21 185 0
1692 21 185 0
1693 21 185 0
1694 37 185 0
1695 37 185 0
1696 37 185 0
1697 21 838 0
1698 21 254 0
1699 63 254 0
1700 63 254 0
1701 56 254 0
1702 63 334 0
1703 63 334 0
1704 56 334 0
1705 56 334 0
1706 63 437 0
1707 63 437 0
1708 63 437 0
1709 21 183 0
1710 63 183 0
1711 63 183 0
1712 37 183 0
1713 37 183 0
1714 37 183 0
1715 56 657 0
1716 56 657 0
1717 56 653 0
1718 56 653 0
1719 56 837 0
1720 21 654 0
1721 21 654 0
1722 56 762 0
1723 37 549 0
1724 37 549 0
1725 56 393 0
1726 37 393 0
1727 37 393 0
1728 56 392 0
1729 37 392 0
1730 37 392 0
1731 1 548 0
1732 1 548 0
1733 1 547 0
1734 1 301 0
1735 4 301 0
1736 1 761 0
1737 1 300 0
1738 1 300 0
1739 1 300 0
1740 1 300 0
1741 1 163 0
1742 1 163 0
1743 15 163 0
1744 15 163 0
1745 1 546 0
1746 1 546 0
1747 1 299 0
1748 1 299 0
1749 1 221 0
1750 1 221 0
1751 1 221 0
1752 15 221 0
1753 1 220 0
1754 1 220 0
1755 1 220 0
1756 1 220 0
1757 1 298 0
1758 15 298 0
1759 15 298 0
1760 15 298 0
1761 1 104 0
1762 1 104 0
1763 1 104 0
1764 1 104 0
1765 15 104 0
1766 15 104 0
1767 15 104 0
1768 1 103 0
1769 4 103 0
1770 4 103 0
1771 4 103 0
1772 4 103 0
1773 4 103 0
1774 1 391 0
1775 1 390 0
1776 1 390 0
1777 1 102 0
1778 1 102 0
1779 1 102 0
1780 4 102 0
1781 4 102 0
1782 4 102 0
1783 4 102 0
1784 1 389 0
1785 15 389 0
1786 1 162 0
1787 1 162 0
1788 15 162 0
1789 15 162 0
1790 15 162 0
1791 1 219 0
1792 1 219 0
1793 4 219 0
1794 4 219 0
1795 1 129 0
1796 1 129 0
1797 1 129 0
1798 15 129 0
1799 15 129 0
1800 4 129 0
1801 4 129 0
1802 1 760 0
1803 1 101 0
1804 1 101 0
1805 1 101 0
1806 1 101 0
1807 1 101 0
1808 1 101 0
1809 4 101 0
1810 4 101 0
1811 1 161 0
1812 1 161 0
1813 15 161 0
1814 15 161 0
1815 15 161 0
1816 1 100 0
1817 1 100 0
1818 1 100 0
1819 15 100 0
1820 15 100 0
1821 15 100 0
1822 4 248 0
1823 4 248 0
1824 4 248 0
1825 4 248 0
1826 4 248 0
1827 4 333 0
1828 4 333 0
1829 4 333 0
1830 4 333 0
1831 4 332 0
1832 4 332 0
1833 4 332 0
1834 4 332 0
1835 15 435 0
1836 4 435 0
1837 4 435 0
1838 4 249 0
1839 4 249 0
1840 4 249 0
1841 4 249 0
1842 4 834 0
1843 4 247 0
1844 4 247 0
1845 4 247 0
1846 4 247 0
1847 4 251 0
1848 4 251 0
1849 4 652 0
1850 4 652 0
1851 15 297 0
1852 15 297 0
1853 4 648 0
1854 4 648 0
1855 4 651 0
1856 4 651 0
1857 4 545 0
1858 4 545 0
1859 39 544 0
1860 39 543 0
1861 39 388 0
1862 39 388 0
1863 39 388 0
1864 39 759 0
1865 39 542 0
1866 38 541 0
1867 38 541 0
1868 39 387 0
1869 39 387 0
1870 39 387 0
1871 38 758 0
1872 38 540 0
1873 38 540 0
1874 30 756 0
1875 30 538 0
1876 30 538 0
1877 38 537 0
1878 30 386 0
1879 30 386 0
1880 39 536 0
1881 30 296 0
1882 30 296 0
1883 38 385 0
1884 30 535 0
1885 49 384 0
1886 49 384 0
1887 49 384 0
1888 49 383 0
1889 49 383 0
1890 49 383 0
1891 49 295 0
1892 30 218 0
1893 38 217 0
1894 30 294 0
1895 27 294 0
1896 27 294 0
1897 38 293 0
1898 30 382 0
1899 49 534 0
1900 49 292 0
1901 49 160 0
1902 49 160 0
1903 38 128 0
1904 38 128 0
1905 38 159 0
1906 38 159 0
1907 30 158 0
1908 11 381 0
1909 11 381 0
1910 30 533 0
1911 30 533 0
1912 30 216 0
1913 30 216 0
1914 39 754 0
1915 30 532 0
1916 30 532 0
1917 11 531 0
1918 39 530 0
1919 39 530 0
1920 30 529 0
1921 30 528 0
1922 30 528 0
1923 39 753 0
1924 49 527 0
1925 49 527 0
1926 11 290 0
1927 49 380 0
1928 27 380 0
1929 27 380 0
1930 27 526 0
1931 27 526 0
1932 27 379 0
1933 27 379 0
1934 27 379 0
1935 27 378 0
1936 27 378 0
1937 27 378 0
1938 27 752 0
1939 27 377 0
1940 27 377 0
1941 27 377 0
1942 27 525 0
1943 27 525 0
1944 27 524 0
1945 27 524 0
1946 27 751 0
1947 27 523 0
1948 27 523 0
1949 59 643 0
1950 59 643 0
1951 27 830 0
1952 59 522 0
1953 59 522 0
1954 59 832 0
1955 27 641 0
1956 27 641 0
1957 27 521 0
1958 27 521 0
1959 27 431 0
1960 27 431 0
1961 27 431 0
1962 11 520 0
1963 11 520 0
1964 11 750 0
1965 11 519 0
1966 11 519 0
1967 11 518 0
1968 11 518 0
1969 11 517 0
1970 11 517 0
1971 11 516 0
1972 11 516 0
1973 11 515 0
1974 11 515 0
1975 11 514 0
1976 11 514 0
1977 11 513 0
1978 11 513 0
1979 11 512 0
1980 11 512 0
1981 11 749 0
1982 11 511 0
1983 11 511 0
1984 11 748 0
1985 11 510 0
1986 11 510 0
1987 11 509 0
1988 11 509 0
1989 11 508 0
1990 11 508 0
1991 11 747 0
1992 11 746 0
1993 11 745 0
1994 50 132 0
1995 176 132 0
1996 176 132 0
1997 16 132 0
1998 16 289 0
1999 16 289 0
2000 16 289 0
2001 16 289 0
2002 16 288 0
2003 23 288 0
2004 16 743 0
2005 176 214 0
2006 16 214 0
2007 16 214 0
2008 16 214 0
2009 23 213 0
2010 23 213 0
2011 16 213 0
2012 16 213 0
2013 16 213 0
2014 176 505 0
2015 176 505 0
2016 16 287 0
2017 16 287 0
2018 16 287 0
2019 16 287 0
2020 23 243 0
2021 23 243 0
2022 23 243 0
2023 23 243 0
2024 23 243 0
2025 23 639 0
2026 23 639 0
2027 23 327 0
2028 23 327 0
2029 23 327 0
2030 23 327 0
2031 23 328 0
2032 23 328 0
2033 23 328 0
2034 23 328 0
2035 23 428 0
2036 23 428 0
2037 23 428 0
2038 23 828 0
2039 23 429 0
2040 23 429 0
2041 23 429 0
2042 23 504 0
2043 23 504 0
2044 23 376 0
2045 23 376 0
2046 23 376 0
2047 23 829 0
2048 23 503 0
2049 23 503 0
2050 23 742 0
2051 62 502 0
2052 62 502 0
2053 62 501 0
2054 62 501 0
2055 62 500 0
2056 62 500 0
2057 62 499 0
2058 62 499 0
2059 137 497 0
2060 137 497 0
2061 137 496 0
2062 137 496 0
2063 137 740 0
2064 455 739 0
2065 455 495 0
2066 36 375 0
2067 36 375 0
2068 36 375 0
2069 36 494 0
2070 36 494 0
2071 36 325 0
2072 36 325 0
2073 36 325 0
2074 36 325 0
2075 36 493 0
2076 36 493 0
2077 36 492 0
2078 36 492 0
2079 36 286 0
2080 36 286 0
2081 36 286 0
2082 36 286 0
2083 36 738 0
2084 36 737 0
2085 36 212 0
2086 36 212 0
2087 36 212 0
2088 36 212 0
2089 36 212 0
2090 853 736 0
2091 342 374 0
2092 342 374 0
2093 342 374 0
2094 342 735 0
2095 3 127 0
2096 3 127 0
2097 3 127 0
2098 15 89 0
2099 3 89 0
2100 3 89 0
2101 3 89 0
2102 15 88 0
2103 15 88 0
2104 3 88 0
2105 3 88 0
2106 3 88 0
2107 15 99 0
2108 15 99 0
2109 15 99 0
2110 3 99 0
2111 3 99 0
2112 3 99 0
2113 15 182 0
2114 3 182 0
2115 3 182 0
2116 3 182 0
2117 15 98 0
2118 3 98 0
2119 3 98 0
2120 3 98 0
2121 3 98 0
2122 3 98 0
2123 3 98 0
2124 3 98 0
2125 3 211 0
2126 3 211 0
2127 3 211 0
2128 3 211 0
2129 3 181 0
2130 3 181 0
2131 3 181 0
2132 3 181 0
2133 3 426 0
2134 3 426 0
2135 3 427 0
2136 3 427 0
2137 3 242 0
2138 3 242 0
2139 3 242 0
2140 3 242 0
2141 41 631 0
2142 41 631 0
2143 41 140 0
2144 41 140 0
2145 41 140 0
2146 41 140 0
2147 41 140 0
2148 41 140 0
2149 41 140 0
2150 41 634 0
2151 41 634 0
2152 41 630 0
2153 41 630 0
2154 41 424 0
2155 41 424 0
2156 41 424 0
2157 41 825 0
2158 41 826 0
2159 41 635 0
2160 41 635 0
2161 41 827 0
2162 48 373 0
2163 48 373 0
2164 48 491 0
2165 48 97 0
2166 48 97 0
2167 58 97 0
2168 58 97 0
2169 58 97 0
2170 66 97 0
2171 66 97 0
2172 66 97 0
2173 48 210 0
2174 143 210 0
2175 48 126 0
2176 48 126 0
2177 66 126 0
2178 66 126 0
2179 58 323 0
2180 58 323 0
2181 58 323 0
2182 48 179 0
2183 58 179 0
2184 58 179 0
2185 58 179 0
2186 58 179 0
2187 143 180 0
2188 143 180 0
2189 143 180 0
2190 58 180 0
2191 58 180 0
2192 143 734 0
2193 143 423 0
2194 66 423 0
2195 66 423 0
2196 58 422 0
2197 66 627 0
2198 66 626 0
2199 66 626 0
2200 66 823 0
2201 66 822 0
2202 7 372 0
2203 7 372 0
2204 40 125 0
2205 7 125 0
2206 7 125 0
2207 47 157 0
2208 47 157 0
2209 40 157 0
2210 7 157 0
2211 7 157 0
2212 47 156 0
2213 7 156 0
2214 7 156 0
2215 7 156 0
2216 47 155 0
2217 40 155 0
2218 40 155 0
2219 7 155 0
2220 7 155 0
2221 47 154 0
2222 47 154 0
2223 47 154 0
2224 7 154 0
2225 7 154 0
2226 7 154 0
2227 47 285 0
2228 40 285 0
2229 40 285 0
2230 40 153 0
2231 7 153 0
2232 7 153 0
2233 7 153 0
2234 47 209 0
2235 40 209 0
2236 7 209 0
2237 7 209 0
2238 7 371 0
2239 7 371 0
2240 47 152 0
2241 40 152 0
2242 7 152 0
2243 7 152 0
2244 7 152 0
2245 619 284 0
2246 619 284 0
2247 7 284 0
2248 7 284 0
2249 7 489 0
2250 7 489 0
2251 47 733 0
2252 7 818 0
2253 40 816 0
2254 40 421 0
2255 7 421 0
2256 7 421 0
2257 7 620 0
2258 7 620 0
2259 7 623 0
2260 7 623 0
2261 7 621 0
2262 7 621 0
2263 7 814 0
2264 7 815 0
2265 7 817 0
2266 7 820 0
2267 7 819 0
2268 84 845 0
2269 84 283 0
2270 84 283 0
2271 84 283 0
2272 114 488 0
2273 114 370 0
2274 114 370 0
2275 84 370 0
2276 114 369 0
2277 84 369 0
2278 84 369 0
2279 114 487 0
2280 84 812 0
2281 84 811 0
2282 84 813 0
2283 6 135 0
2284 6 346 0
2285 6 346 0
2286 6 346 0
2287 73 346 0
2288 73 282 0
2289 73 282 0
2290 73 282 0
2291 73 486 0
2292 73 420 0
2293 73 420 0
2294 810 420 0
2295 73 618 0
2296 73 618 0
2297 73 617 0
2298 73 617 0
2299 34 854 0
2300 34 855 0
2301 34 446 0
2302 34 446 0
2303 34 446 0
2304 34 208 0
2305 34 208 0
2306 34 208 0
2307 34 368 0
2308 34 368 0
2309 34 368 0
2310 34 485 0
2311 34 485 0
2312 34 484 0
2313 34 484 0
2314 62 281 0
2315 62 281 0
2316 34 281 0
2317 34 281 0
2318 62 280 0
2319 62 280 0
2320 34 280 0
2321 34 280 0
2322 62 732 0
2323 34 483 0
2324 34 483 0
2325 34 482 0
2326 34 482 0
2327 34 481 0
2328 34 481 0
2329 324 836 0
2330 324 731 0
2331 239 730 0
2332 324 480 0
2333 324 480 0
2334 239 729 0
2335 239 367 0
2336 239 367 0
2337 239 367 0
2338 656 479 0
2339 656 479 0
2340 33 454 0
2341 33 454 0
2342 33 141 0
2343 33 141 0
2344 81 141 0
2345 81 141 0
2346 81 141 0
2347 52 141 0
2348 52 141 0
2349 81 246 0
2350 81 246 0
2351 52 246 0
2352 52 246 0
2353 33 366 0
2354 33 366 0
2355 81 366 0
2356 33 151 0
2357 33 151 0
2358 81 151 0
2359 81 151 0
2360 52 151 0
2361 52 151 0
2362 33 365 0
2363 81 365 0
2364 81 365 0
2365 33 244 0
2366 75 244 0
2367 75 244 0
2368 52 244 0
2369 52 244 0
2370 75 331 0
2371 75 331 0
2372 52 331 0
2373 52 331 0
2374 75 430 0
2375 75 430 0
2376 52 430 0
2377 75 207 0
2378 52 207 0
2379 52 207 0
2380 52 207 0
2381 33 279 0
2382 75 279 0
2383 75 279 0
2384 52 279 0
2385 75 322 0
2386 75 322 0
2387 52 322 0
2388 52 322 0
2389 262 478 0
2390 262 478 0
2391 414 477 0
2392 414 477 0
2393 262 728 0
2394 414 727 0
2395 262 726 0
2396 262 725 0
2397 117 336 0
2398 117 336 0
2399 18 336 0
2400 18 336 0
2401 18 337 0
2402 18 337 0
2403 18 337 0
2404 18 337 0
2405 18 436 0
2406 18 436 0
2407 18 436 0
2408 18 252 0
2409 18 252 0
2410 18 252 0
2411 18 252 0
2412 18 252 0
2413 18 433 0
2414 18 433 0
2415 18 433 0
2416 18 434 0
2417 18 434 0
2418 18 434 0
2419 18 330 0
2420 18 330 0
2421 18 330 0
2422 18 330 0
2423 18 245 0
2424 18 245 0
2425 18 245 0
2426 18 245 0
2427 117 278 0
2428 117 278 0
2429 18 278 0
2430 18 278 0
2431 117 277 0
2432 117 277 0
2433 18 277 0
2434 18 277 0
2435 117 364 0
2436 18 364 0
2437 18 364 0
2438 18 363 0
2439 18 363 0
2440 18 363 0
2441 76 251 0
2442 61 251 0
2443 76 297 0
2444 76 297 0
2445 76 362 0
2446 61 362 0
2447 76 329 0
2448 76 329 0
2449 61 329 0
2450 61 329 0
2451 76 361 0
2452 61 361 0
2453 61 361 0
2454 76 831 0
2455 76 625 0
2456 61 625 0
2457 61 724 0
2458 61 622 0
2459 61 622 0
2460 61 624 0
2461 61 624 0
2462 61 808 0
2463 61 809 0
2464 44 664 0
2465 44 664 0
2466 44 843 0
2467 413 842 0
2468 44 476 0
2469 44 476 0
2470 44 723 0
2471 44 475 0
2472 44 475 0
2473 44 360 0
2474 44 360 0
2475 44 360 0
2476 44 276 0
2477 44 276 0
2478 44 276 0
2479 44 474 0
2480 44 474 0
2481 44 473 0
2482 44 473 0
2483 413 722 0
2484 413 807 0
2485 14 690 0
2486 14 690 0
2487 14 199 0
2488 14 199 0
2489 14 199 0
2490 14 199 0
2491 14 199 0
2492 14 199 0
2493 14 860 0
2494 14 142 0
2495 14 142 0
2496 14 142 0
2497 14 142 0
2498 14 142 0
2499 14 142 0
2500 14 187 0
2501 14 187 0
2502 14 187 0
2503 14 187 0
2504 14 187 0
2505 14 186 0
2506 14 186 0
2507 14 186 0
2508 14 186 0
2509 14 839 0
2510 14 338 0
2511 14 338 0
2512 14 206 0
2513 14 206 0
2514 14 206 0
2515 14 206 0
2516 14 206 0
2517 14 359 0
2518 14 359 0
2519 14 359 0
2520 80 612 0
2521 80 612 0
2522 80 616 0
2523 80 616 0
2524 80 614 0
2525 80 614 0
2526 80 613 0
2527 80 613 0
2528 80 615 0
2529 80 615 0
2530 198 451 0
2531 198 451 0
2532 198 451 0
2533 198 687 0
2534 198 687 0
2535 198 833 0
2536 647 472 0
2537 647 472 0
2538 10 250 0
2539 10 250 0
2540 10 250 0
2541 10 250 0
2542 10 649 0
2543 10 649 0
2544 10 650 0
2545 10 650 0
2546 10 275 0
2547 10 275 0
2548 10 275 0
2549 10 275 0
2550 10 358 0
2551 10 358 0
2552 10 358 0
2553 10 96 0
2554 10 96 0
2555 10 96 0
2556 10 96 0
2557 10 96 0
2558 10 274 0
2559 10 274 0
2560 10 274 0
2561 10 205 0
2562 10 205 0
2563 10 205 0
2564 10 205 0
2565 10 205 0
2566 10 273 0
2567 10 273 0
2568 10 273 0
2569 10 204 0
2570 10 204 0
2571 10 204 0
2572 10 204 0
2573 54 321 0
2574 54 321 0
2575 54 321 0
2576 54 321 0
2577 54 418 0
2578 54 418 0
2579 54 418 0
2580 54 419 0
2581 54 419 0
2582 54 419 0
2583 54 609 0
2584 54 609 0
2585 54 611 0
2586 54 611 0
2587 54 806 0
2588 54 610 0
2589 54 610 0
2590 22 326 0
2591 22 326 0
2592 22 326 0
2593 22 638 0
2594 22 637 0
2595 22 357 0
2596 22 357 0
2597 22 272 0
2598 22 272 0
2599 22 272 0
2600 22 356 0
2601 22 356 0
2602 22 356 0
2603 22 203 0
2604 22 203 0
2605 22 203 0
2606 22 203 0
2607 22 203 0
2608 22 471 0
2609 22 471 0
2610 22 470 0
2611 22 470 0
2612 22 469 0
2613 22 469 0
2614 22 355 0
2615 22 355 0
2616 22 355 0
2617 22 468 0
2618 116 607 0
2619 116 607 0
2620 116 608 0
2621 116 608 0
2622 116 805 0
2623 116 804 0
2624 116 606 0
2625 116 606 0
2626 69 295 0
2627 60 295 0
2628 60 295 0
2629 69 218 0
2630 69 218 0
2631 60 218 0
2632 69 467 0
2633 69 467 0
2634 69 292 0
2635 60 292 0
2636 69 128 0
2637 69 128 0
2638 60 128 0
2639 60 128 0
2640 69 291 0
2641 60 291 0
2642 60 291 0
2643 69 215 0
2644 69 215 0
2645 60 215 0
2646 60 215 0
2647 69 290 0
2648 60 290 0
2649 60 290 0
2650 60 466 0
2651 60 466 0
2652 343 668 0
2653 343 668 0
2654 343 255 0
2655 343 255 0
2656 847 721 0
2657 59 386 0
2658 46 296 0
2659 46 296 0
2660 46 217 0
2661 46 217 0
2662 46 293 0
2663 59 159 0
2664 46 159 0
2665 46 159 0
2666 59 158 0
2667 59 158 0
2668 46 158 0
2669 46 158 0
2670 59 216 0
2671 59 216 0
2672 46 720 0
2673 46 465 0
2674 46 465 0
2675 46 719 0
2676 59 718 0
2677 46 464 0
2678 46 464 0
2679 46 605 0
2680 46 605 0
2681 46 801 0
2682 802 803 0
2683 53 188 0
2684 175 440 0
2685 175 256 0
2686 175 256 0
2687 53 661 0
2688 53 661 0
2689 53 463 0
2690 53 463 0
2691 53 425 0
2692 53 425 0
2693 53 425 0
2694 53 633 0
2695 53 633 0
2696 53 632 0
2697 53 632 0
2698 53 824 0
2699 53 628 0
2700 53 628 0
2701 53 629 0
2702 53 629 0
2703 175 422 0
2704 175 422 0
2705 175 821 0
2706 238 462 0
2707 238 462 0
2708 238 717 0
2709 45 382 0
2710 45 160 0
2711 45 160 0
2712 45 160 0
2713 45 160 0
2714 45 381 0
2715 45 461 0
2716 45 461 0
2717 45 646 0
2718 45 646 0
2719 45 644 0
2720 45 644 0
2721 45 642 0
2722 45 642 0
2723 238 716 0
2724 238 715 0
2725 45 714 0
2726 45 460 0
2727 45 460 0
2728 45 459 0
2729 45 459 0
