1 0 0 1
2 0 0 2
3 0 0 3
4 0 0 4
5 0 0 5
6 0 0 6
7 0 0 7
8 0 0 8
9 0 0 9
10 0 0 10
11 0 0 11
12 0 0 12
13 0 0 13
14 0 0 14
15 0 0 15
16 0 0 16
17 0 0 17
18 0 0 18
19 0 0 19
20 0 0 20
21 0 0 21
22 0 0 22
23 0 0 23
24 0 0 24
25 0 0 25
26 0 0 26
27 0 0 27
28 0 0 28
29 0 0 29
30 0 0 30
31 0 0 31
32 0 0 32
33 0 0 33
34 0 0 34
35 0 0 35
36 0 0 36
37 0 0 37
38 0 0 38
39 0 0 39
40 0 0 40
41 0 0 41
42 0 0 42
43 0 0 43
44 0 0 44
45 0 0 45
46 0 0 46
47 0 0 47
48 0 0 48
49 0 0 49
50 0 0 50
51 0 0 51
52 0 0 52
53 0 0 53
54 0 0 54
55 0 0 55
56 0 0 56
57 0 0 57
58 0 0 58
59 0 0 59
60 0 0 60
61 0 0 61
62 0 0 62
63 0 0 63
64 0 0 64
65 0 0 65
66 0 0 66
67 0 0 67
68 0 0 68
69 0 0 69
70 0 0 70
71 0 0 71
72 0 0 72
73 0 0 73
74 0 0 74
75 0 0 75
76 0 0 76
77 0 0 77
78 0 0 78
79 0 0 79
80 0 0 80
81 0 0 81
82 0 0 82
83 0 0 83
84 0 0 84
85 0 0 85
86 0 0 86
87 0 0 87
88 0 0 88
89 0 0 89
90 0 0 90
91 0 0 91
92 0 0 92
93 0 0 93
94 0 0 94
95 0 0 95
96 0 0 96
97 0 0 97
98 0 0 98
99 0 0 99
100 0 0 100
101 0 0 101
102 0 0 102
103 0 0 103
104 0 0 104
105 0 0 105
106 0 0 106
107 0 0 107
108 0 0 108
109 0 0 109
110 0 0 110
111 0 0 111
112 0 0 112
113 0 0 113
114 0 0 114
115 0 0 115
116 0 0 116
117 0 0 117
118 0 0 118
119 0 0 119
120 0 0 120
121 0 0 121
122 0 0 122
123 0 0 123
124 0 0 124
125 0 0 125
126 0 0 126
127 0 0 127
128 0 0 128
129 0 0 129
130 0 0 130
131 0 0 131
132 0 0 132
133 0 0 133
134 0 0 134
135 0 0 135
136 0 0 136
137 0 0 137
138 0 0 138
139 0 0 139
140 0 0 140
141 0 0 141
142 0 0 142
143 0 0 143
144 0 0 144
145 0 0 145
146 0 0 146
147 0 0 147
148 0 0 148
149 0 0 149
150 0 0 150
151 0 0 151
152 0 0 152
153 0 0 153
154 0 0 154
155 0 0 155
156 0 0 156
157 0 0 157
158 0 0 158
159 0 0 159
160 0 0 160
161 0 0 161
162 0 0 162
163 0 0 163
164 0 0 164
165 0 0 165
166 0 0 166
167 0 0 167
168 0 0 168
169 0 0 169
170 0 0 170
171 0 0 171
172 0 0 172
173 0 0 173
174 0 0 174
175 0 0 175
176 0 0 176
177 0 0 177
178 0 0 178
179 0 0 179
180 0 0 180
181 0 0 181
182 0 0 182
183 0 0 183
184 0 0 184
185 0 0 185
186 0 0 186
187 0 0 187
188 0 0 188
189 0 0 189
190 0 0 190
191 0 0 191
192 0 0 192
193 0 0 193
194 0 0 194
195 0 0 195
196 0 0 196
197 0 0 197
198 0 0 198
199 0 0 199
200 0 0 200
201 0 0 201
202 0 0 202
203 0 0 203
204 0 0 204
205 0 0 205
206 0 0 206
207 0 0 207
208 0 0 208
209 0 0 209
210 0 0 210
211 0 0 211
212 0 0 212
213 0 0 213
214 0 0 214
215 0 0 215
216 0 0 216
217 0 0 217
218 0 0 218
219 0 0 219
220 0 0 220
221 0 0 221
222 0 0 222
223 0 0 223
224 0 0 224
225 0 0 225
226 0 0 226
227 0 0 227
228 0 0 228
229 0 0 229
230 0 0 230
231 0 0 231
232 0 0 232
233 0 0 233
234 0 0 234
235 0 0 235
236 0 0 236
237 0 0 237
238 0 0 238
239 0 0 239
240 0 0 240
241 0 0 241
242 0 0 242
243 0 0 243
244 0 0 244
245 0 0 245
246 0 0 246
247 0 0 247
248 0 0 248
249 0 0 249
250 0 0 250
251 0 0 251
252 0 0 252
253 0 0 253
254 0 0 254
255 0 0 255
256 0 0 256
257 0 0 257
258 0 0 258
259 0 0 259
260 0 0 260
261 0 0 261
262 0 0 262
263 0 0 263
264 0 0 264
265 0 0 265
266 0 0 266
267 0 0 267
268 0 0 268
269 0 0 269
270 0 0 270
271 0 0 271
272 0 0 272
273 0 0 273
274 0 0 274
275 0 0 275
276 0 0 276
277 0 0 277
278 0 0 278
279 0 0 279
280 0 0 280
281 0 0 281
282 0 0 282
283 0 0 283
284 0 0 284
285 0 0 285
286 0 0 286
287 0 0 287
288 0 0 288
289 0 0 289
290 0 0 290
291 0 0 291
292 0 0 292
293 0 0 293
294 0 0 294
295 0 0 295
296 0 0 296
297 0 0 297
298 0 0 298
299 0 0 299
300 0 0 300
301 0 0 301
302 0 0 302
303 0 0 303
304 0 0 304
305 0 0 305
306 0 0 306
307 0 0 307
308 0 0 308
309 0 0 309
310 0 0 310
311 0 0 311
312 0 0 312
313 0 0 313
314 0 0 314
315 0 0 315
316 0 0 316
317 0 0 317
318 0 0 318
319 0 0 319
320 0 0 320
321 0 0 321
322 0 0 322
323 0 0 323
324 0 0 324
325 0 0 325
326 0 0 326
327 0 0 327
328 0 0 328
329 0 0 329
330 0 0 330
331 0 0 331
332 0 0 332
333 0 0 333
334 0 0 334
335 0 0 335
336 0 0 336
337 0 0 337
338 0 0 338
339 0 0 339
340 0 0 340
341 0 0 341
342 0 0 342
343 0 0 343
344 0 0 344
345 0 0 345
346 0 0 346
347 0 0 347
348 0 0 348
349 0 0 349
350 0 0 350
351 0 0 351
352 0 0 352
353 0 0 353
354 0 0 354
355 0 0 355
356 0 0 356
357 0 0 357
358 0 0 358
359 0 0 359
360 0 0 360
361 0 0 361
362 0 0 362
363 0 0 363
364 0 0 364
365 0 0 365
366 0 0 366
367 0 0 367
368 0 0 368
369 0 0 369
370 0 0 370
371 0 0 371
372 0 0 372
373 0 0 373
374 0 0 374
375 0 0 375
376 0 0 376
377 0 0 377
378 0 0 378
379 0 0 379
380 0 0 380
381 0 0 381
382 0 0 382
383 0 0 383
384 0 0 384
385 0 0 385
386 0 0 386
387 0 0 387
388 0 0 388
389 0 0 389
390 0 0 390
391 0 0 391
392 0 0 392
393 0 0 393
394 0 0 394
395 0 0 395
396 0 0 396
397 0 0 397
398 0 0 398
399 0 0 399
400 0 0 400
401 0 0 401
402 0 0 402
403 0 0 403
404 0 0 404
405 0 0 405
406 0 0 406
407 0 0 407
408 0 0 408
409 0 0 409
410 0 0 410
411 0 0 411
412 0 0 412
413 0 0 413
414 0 0 414
415 0 0 415
416 0 0 416
417 0 0 417
418 0 0 418
419 0 0 419
420 0 0 420
421 0 0 421
422 0 0 422
423 0 0 423
424 0 0 424
425 0 0 425
426 0 0 426
427 0 0 427
428 0 0 428
429 0 0 429
430 0 0 430
431 0 0 431
432 0 0 432
433 0 0 433
434 0 0 434
435 0 0 435
436 0 0 436
437 0 0 437
438 0 0 438
439 0 0 439
440 0 0 440
441 0 0 441
442 0 0 442
443 0 0 443
444 0 0 444
445 0 0 445
446 0 0 446
447 0 0 447
448 0 0 448
449 0 0 449
450 0 0 450
451 0 0 451
452 0 0 452
453 0 0 453
454 0 0 454
455 0 0 455
456 0 0 456
457 0 0 457
458 0 0 458
459 0 0 459
460 0 0 460
461 0 0 461
462 0 0 462
463 0 0 463
464 0 0 464
465 0 0 465
466 0 0 466
467 0 0 467
468 0 0 468
469 0 0 469
470 0 0 470
471 0 0 471
472 0 0 472
473 0 0 473
474 0 0 474
475 0 0 475
476 0 0 476
477 0 0 477
478 0 0 478
479 0 0 479
480 0 0 480
481 0 0 481
482 0 0 482
483 0 0 483
484 0 0 484
485 0 0 485
486 0 0 486
487 0 0 487
488 0 0 488
489 0 0 489
490 0 0 490
491 0 0 491
492 0 0 492
493 0 0 493
494 0 0 494
495 0 0 495
496 0 0 496
497 0 0 497
498 0 0 498
499 0 0 499
500 0 0 500
501 0 0 501
502 0 0 502
503 0 0 503
504 0 0 504
505 0 0 505
506 0 0 506
507 0 0 507
508 0 0 508
509 0 0 509
510 0 0 510
511 0 0 511
512 0 0 512
513 0 0 513
514 0 0 514
515 0 0 515
516 0 0 516
517 0 0 517
518 0 0 518
519 0 0 519
520 0 0 520
521 0 0 521
522 0 0 522
523 0 0 523
524 0 0 524
525 0 0 525
526 0 0 526
527 0 0 527
528 0 0 528
529 0 0 529
530 0 0 530
531 0 0 531
532 0 0 532
533 0 0 533
534 0 0 534
535 0 0 535
536 0 0 536
537 0 0 537
538 0 0 538
539 0 0 539
540 0 0 540
541 0 0 541
542 0 0 542
543 0 0 543
544 0 0 544
545 0 0 545
546 0 0 546
547 0 0 547
548 0 0 548
549 0 0 549
550 0 0 550
551 0 0 551
552 0 0 552
553 0 0 553
554 0 0 554
555 0 0 555
556 0 0 556
557 0 0 557
558 0 0 558
559 0 0 559
560 0 0 560
561 0 0 561
562 0 0 562
563 0 0 563
564 0 0 564
565 0 0 565
566 0 0 566
567 0 0 567
568 0 0 568
569 0 0 569
570 0 0 570
571 0 0 571
572 0 0 572
573 0 0 573
574 0 0 574
575 0 0 575
576 0 0 576
577 0 0 577
578 0 0 578
579 0 0 579
580 0 0 580
581 0 0 581
582 0 0 582
583 0 0 583
584 0 0 584
585 0 0 585
586 0 0 586
587 0 0 587
588 0 0 588
589 0 0 589
590 0 0 590
591 0 0 591
592 0 0 592
593 0 0 593
594 0 0 594
595 0 0 595
596 0 0 596
597 0 0 597
598 0 0 598
599 0 0 599
600 0 0 600
601 0 0 601
602 0 0 602
603 0 0 603
604 0 0 604
605 0 0 605
606 0 0 606
607 0 0 607
608 0 0 608
609 0 0 609
610 0 0 610
611 0 0 611
612 0 0 612
613 0 0 613
614 0 0 614
615 0 0 615
616 0 0 616
617 0 0 617
618 0 0 618
619 0 0 619
620 0 0 620
621 0 0 621
622 0 0 622
623 0 0 623
624 0 0 624
625 0 0 625
626 0 0 626
627 0 0 627
628 0 0 628
629 0 0 629
630 0 0 630
631 0 0 631
632 0 0 632
633 0 0 633
634 0 0 634
635 0 0 635
636 0 0 636
637 0 0 637
638 0 0 638
639 0 0 639
640 0 0 640
641 0 0 641
642 0 0 642
643 0 0 643
644 0 0 644
645 0 0 645
646 0 0 646
647 0 0 647
648 0 0 648
649 0 0 649
650 0 0 650
651 0 0 651
652 0 0 652
653 0 0 653
654 0 0 654
655 0 0 655
656 0 0 656
657 0 0 657
658 0 0 658
659 0 0 659
660 0 0 660
661 0 0 661
662 0 0 662
663 0 0 663
664 0 0 664
665 0 0 665
666 0 0 666
667 0 0 667
668 0 0 668
669 0 0 669
670 0 0 670
671 0 0 671
672 0 0 672
673 0 0 673
674 0 0 674
675 0 0 675
676 0 0 676
677 0 0 677
678 0 0 678
679 0 0 679
680 0 0 680
681 0 0 681
682 0 0 682
683 0 0 683
684 0 0 684
685 0 0 685
686 0 0 686
687 0 0 687
688 0 0 688
689 0 0 689
690 0 0 690
691 0 0 691
692 0 0 692
693 0 0 693
694 0 0 694
695 0 0 695
696 0 0 696
697 0 0 697
698 0 0 698
699 0 0 699
700 0 0 700
701 0 0 701
702 0 0 702
703 0 0 703
704 0 0 704
705 0 0 705
706 0 0 706
707 0 0 707
708 0 0 708
709 0 0 709
710 0 0 710
711 0 0 711
712 0 0 712
713 0 0 713
714 0 0 714
715 0 0 715
716 0 0 716
717 0 0 717
718 0 0 718
719 0 0 719
720 0 0 720
721 0 0 721
722 0 0 722
723 0 0 723
724 0 0 724
725 0 0 725
726 0 0 726
727 0 0 727
728 0 0 728
729 0 0 729
730 0 0 730
731 0 0 731
732 0 0 732
733 0 0 733
734 0 0 734
735 0 0 735
736 0 0 736
737 0 0 737
738 0 0 738
739 0 0 739
740 0 0 740
741 0 0 741
742 0 0 742
743 0 0 743
744 0 0 744
745 0 0 745
746 0 0 746
747 0 0 747
748 0 0 748
749 0 0 749
750 0 0 750
751 0 0 751
752 0 0 752
753 0 0 753
754 0 0 754
755 0 0 755
756 0 0 756
757 0 0 757
758 0 0 758
759 0 0 759
760 0 0 760
761 0 0 761
762 0 0 762
763 0 0 763
764 0 0 764
765 0 0 765
766 0 0 766
767 0 0 767
768 0 0 768
769 0 0 769
770 0 0 770
771 0 0 771
772 0 0 772
773 0 0 773
774 0 0 774
775 0 0 775
776 0 0 776
777 0 0 777
778 0 0 778
779 0 0 779
780 0 0 780
781 0 0 781
782 0 0 782
783 0 0 783
784 0 0 784
785 0 0 785
786 0 0 786
787 0 0 787
788 0 0 788
789 0 0 789
790 0 0 790
791 0 0 791
792 0 0 792
793 0 0 793
794 0 0 794
795 0 0 795
796 0 0 796
797 0 0 797
798 0 0 798
799 0 0 799
800 0 0 800
801 0 0 801
802 0 0 802
803 0 0 803
804 0 0 804
805 0 0 805
806 0 0 806
807 0 0 807
808 0 0 808
809 0 0 809
810 0 0 810
811 0 0 811
812 0 0 812
813 0 0 813
814 0 0 814
815 0 0 815
816 0 0 816
817 0 0 817
818 0 0 818
819 0 0 819
820 0 0 820
821 0 0 821
822 0 0 822
823 0 0 823
824 0 0 824
825 0 0 825
826 0 0 826
827 0 0 827
828 0 0 828
829 0 0 829
830 0 0 830
831 0 0 831
832 0 0 832
833 0 0 833
834 0 0 834
835 0 0 835
836 0 0 836
837 0 0 837
838 0 0 838
839 0 0 839
840 0 0 840
841 0 0 841
842 0 0 842
843 0 0 843
844 0 0 844
845 0 0 845
846 0 0 846
847 0 0 847
848 0 0 848
849 0 0 849
850 0 0 850
851 0 0 851
852 0 0 852
853 0 0 853
854 0 0 854
855 0 0 855
856 0 0 856
857 0 0 857
858 0 0 858
859 0 0 859
860 0 0 860
861 0 0 861
862 0 0 862
863 0 0 863
864 0 0 864
865 0 0 865
866 0 0 866
867 0 0 867
868 0 0 868
869 0 0 869
870 0 0 870
871 0 0 871
872 0 0 872
873 0 0 873
874 0 0 874
875 0 0 875
876 0 0 876
877 0 0 877
878 0 0 878
879 0 0 879
880 0 0 880
881 0 0 881
882 0 0 882
883 0 0 883
884 0 0 884
885 0 0 885
886 0 0 886
887 0 0 887
888 0 0 888
889 0 0 889
890 0 0 890
891 0 0 891
892 0 0 892
893 0 0 893
894 0 0 894
895 0 0 895
896 0 0 896
897 0 0 897
898 0 0 898
899 0 0 899
900 0 0 900
901 0 0 901
902 0 0 902
903 0 0 903
904 0 0 904
905 0 0 905
906 0 0 906
907 0 0 907
908 0 0 908
909 0 0 909
910 0 0 910
911 0 0 911
912 0 0 912
913 0 0 913
914 0 0 914
915 0 0 915
916 0 0 916
917 0 0 917
918 0 0 918
919 0 0 919
920 0 0 920
921 0 0 921
922 0 0 922
923 0 0 923
924 0 0 924
925 0 0 925
926 0 0 926
927 0 0 927
928 0 0 928
929 0 0 929
930 0 0 930
931 0 0 931
932 0 0 932
933 0 0 933
934 0 0 934
935 0 0 935
936 0 0 936
937 0 0 937
938 0 0 938
939 0 0 939
940 0 0 940
941 0 0 941
942 0 0 942
943 0 0 943
944 0 0 944
945 0 0 945
946 0 0 946
947 0 0 947
948 0 0 948
949 0 0 949
950 0 0 950
951 0 0 951
952 0 0 952
953 0 0 953
954 0 0 954
955 0 0 955
956 0 0 956
957 0 0 957
958 0 0 958
959 0 0 959
960 0 0 960
961 0 0 961
962 0 0 962
963 0 0 963
964 0 0 964
965 0 0 965
966 0 0 966
967 0 0 967
968 0 0 968
969 0 0 969
970 0 0 970
971 0 0 971
972 0 0 972
973 0 0 973
974 0 0 974
975 0 0 975
976 0 0 976
977 0 0 977
978 0 0 978
979 0 0 979
980 0 0 980
981 0 0 981
982 0 0 982
983 0 0 983
984 0 0 984
985 0 0 985
986 0 0 986
987 0 0 987
988 0 0 988
989 0 0 989
990 0 0 990
991 0 0 991
992 0 0 992
993 0 0 993
994 0 0 994
995 0 0 995
996 0 0 996
997 0 0 997
998 0 0 998
999 0 0 999
1000 0 0 1000
1001 0 0 1001
1002 0 0 1002
1003 0 0 1003
1004 0 0 1004
1005 0 0 1005
1006 0 0 1006
1007 0 0 1007
1008 0 0 1008
1009 0 0 1009
1010 0 0 1010
1011 0 0 1011
1012 0 0 1012
1013 0 0 1013
1014 0 0 1014
1015 0 0 1015
1016 0 0 1016
1017 0 0 1017
1018 0 0 1018
1019 0 0 1019
1020 0 0 1020
1021 0 0 1021
1022 0 0 1022
1023 0 0 1023
1024 0 0 1024
1025 0 0 1025
1026 0 0 1026
1027 0 0 1027
1028 0 0 1028
1029 0 0 1029
1030 0 0 1030
1031 0 0 1031
1032 0 0 1032
1033 0 0 1033
1034 0 0 1034
1035 0 0 1035
1036 0 0 1036
1037 0 0 1037
1038 0 0 1038
1039 0 0 1039
1040 0 0 1040
1041 0 0 1041
1042 0 0 1042
1043 0 0 1043
1044 0 0 1044
1045 0 0 1045
1046 0 0 1046
1047 0 0 1047
1048 0 0 1048
1049 0 0 1049
1050 0 0 1050
1051 0 0 1051
1052 0 0 1052
1053 0 0 1053
1054 0 0 1054
1055 0 0 1055
1056 0 0 1056
1057 0 0 1057
1058 0 0 1058
1059 0 0 1059
1060 0 0 1060
1061 0 0 1061
1062 0 0 1062
1063 0 0 1063
1064 0 0 1064
1065 0 0 1065
1066 0 0 1066
1067 0 0 1067
1068 0 0 1068
1069 0 0 1069
1070 0 0 1070
1071 0 0 1071
1072 0 0 1072
1073 0 0 1073
1074 0 0 1074
1075 0 0 1075
1076 0 0 1076
1077 0 0 1077
1078 0 0 1078
1079 0 0 1079
1080 0 0 1080
1081 0 0 1081
1082 0 0 1082
1083 0 0 1083
1084 0 0 1084
1085 0 0 1085
1086 0 0 1086
1087 0 0 1087
1088 0 0 1088
1089 0 0 1089
1090 0 0 1090
1091 0 0 1091
1092 0 0 1092
1093 0 0 1093
1094 0 0 1094
1095 0 0 1095
1096 0 0 1096
1097 0 0 1097
1098 0 0 1098
1099 0 0 1099
1100 0 0 1100
1101 0 0 1101
1102 0 0 1102
1103 0 0 1103
1104 0 0 1104
1105 0 0 1105
1106 0 0 1106
1107 0 0 1107
1108 0 0 1108
1109 0 0 1109
1110 0 0 1110
1111 0 0 1111
1112 0 0 1112
1113 0 0 1113
1114 0 0 1114
1115 0 0 1115
1116 0 0 1116
1117 0 0 1117
1118 0 0 1118
1119 0 0 1119
1120 0 0 1120
1121 0 0 1121
1122 0 0 1122
1123 0 0 1123
1124 0 0 1124
1125 0 0 1125
1126 0 0 1126
1127 0 0 1127
1128 0 0 1128
1129 0 0 1129
1130 0 0 1130
1131 0 0 1131
1132 0 0 1132
1133 0 0 1133
1134 0 0 1134
1135 0 0 1135
1136 0 0 1136
1137 0 0 1137
1138 0 0 1138
1139 0 0 1139
1140 0 0 1140
1141 0 0 1141
1142 0 0 1142
1143 0 0 1143
1144 0 0 1144
1145 0 0 1145
1146 0 0 1146
1147 0 0 1147
1148 0 0 1148
1149 0 0 1149
1150 0 0 1150
1151 0 0 1151
1152 0 0 1152
1153 0 0 1153
1154 0 0 1154
1155 0 0 1155
1156 0 0 1156
1157 0 0 1157
1158 0 0 1158
1159 0 0 1159
1160 0 0 1160
1161 0 0 1161
1162 0 0 1162
1163 0 0 1163
1164 0 0 1164
1165 0 0 1165
1166 0 0 1166
1167 0 0 1167
1168 0 0 1168
1169 0 0 1169
1170 0 0 1170
1171 0 0 1171
1172 0 0 1172
1173 0 0 1173
1174 0 0 1174
1175 0 0 1175
1176 0 0 1176
1177 0 0 1177
1178 0 0 1178
1179 0 0 1179
1180 0 0 1180
1181 0 0 1181
1182 0 0 1182
1183 0 0 1183
1184 0 0 1184
1185 0 0 1185
1186 0 0 1186
1187 0 0 1187
1188 0 0 1188
1189 0 0 1189
1190 0 0 1190
1191 0 0 1191
1192 0 0 1192
1193 0 0 1193
1194 0 0 1194
1195 0 0 1195
1196 0 0 1196
1197 0 0 1197
1198 0 0 1198
1199 0 0 1199
1200 0 0 1200
1201 0 0 1201
1202 0 0 1202
1203 0 0 1203
1204 0 0 1204
1205 0 0 1205
1206 57 323 1206
1207 57 603 1207
1208 42 430 1208
1209 51 252 1209
1210 64 1208 1210
1211 57 538 1211
1212 56 794 1212
1213 42 552 1213
1214 55 1206 1214
1215 58 207 1215
1216 44 439 1216
1217 58 276 1217
1218 57 369 1218
1219 42 747 1219
1220 127 488 1220
1221 41 922 1221
1222 53 190 1222
1223 57 323 1223
1224 58 305 1224
1225 64 1206 1225
1226 121 282 1226
1227 57 279 1227
1228 58 367 1228
1229 41 196 1229
1230 58 963 1230
1231 41 682 1231
1232 68 425 1232
1233 68 621 1233
1234 68 180 1234
1235 121 527 1235
1236 42 630 1236
1237 42 1082 1237
1238 57 747 1238
1239 55 195 1239
1240 58 710 1240
1241 57 548 1241
1242 57 274 1242
1243 42 597 1243
1244 57 241 1244
1245 41 547 1245
1246 41 417 1246
1247 58 171 1247
1248 57 492 1248
1249 68 180 1249
1250 51 891 1250
1251 42 639 1251
1252 53 664 1252
1253 57 588 1253
1254 53 1207 1254
1255 57 542 1255
1256 68 828 1256
1257 42 639 1257
1258 58 698 1258
1259 55 651 1259
1260 1221 1253 1260
1261 1217 1242 1261
1262 52 1251 1262
1263 1222 248 1263
1264 57 878 1264
1265 1219 324 1265
1266 47 799 1266
1267 52 203 1267
1268 68 516 1268
1269 1215 272 1269
1270 51 250 1270
1271 47 1234 1271
1272 43 210 1272
1273 1220 1257 1273
1274 53 767 1274
1275 1213 1255 1275
1276 1221 439 1276
1277 55 1207 1277
1278 69 650 1278
1279 44 700 1279
1280 1215 1238 1280
1281 55 1249 1281
1282 63 1237 1282
1283 1209 1230 1283
1284 1212 1250 1284
1285 1210 348 1285
1286 68 476 1286
1287 1218 356 1287
1288 51 206 1288
1289 43 318 1289
1290 1213 348 1290
1291 53 330 1291
1292 70 1244 1292
1293 1213 431 1293
1294 1211 1228 1294
1295 45 682 1295
1296 55 1223 1296
1297 53 335 1297
1298 121 552 1298
1299 70 1245 1299
1300 64 1223 1300
1301 53 357 1301
1302 51 589 1302
1303 121 552 1303
1304 57 277 1304
1305 68 303 1305
1306 51 242 1306
1307 42 587 1307
1308 57 373 1308
1309 58 286 1309
1310 52 189 1310
1311 69 1256 1311
1312 44 431 1312
1313 68 548 1313
1314 57 964 1314
1315 42 932 1315
1316 64 1223 1316
1317 56 695 1317
1318 57 248 1318
1319 42 728 1319
1320 53 1232 1320
1321 56 954 1321
1322 45 348 1322
1323 49 298 1323
1324 53 291 1324
1325 121 282 1325
1326 58 966 1326
1327 57 284 1327
1328 51 1233 1328
1329 68 207 1329
1330 58 834 1330
1331 56 1246 1331
1332 55 752 1332
1333 55 1247 1333
1334 57 199 1334
1335 53 291 1335
1336 58 211 1336
1337 68 639 1337
1338 53 885 1338
1339 56 270 1339
1340 41 244 1340
1341 69 748 1341
1342 57 606 1342
1343 57 313 1343
1344 53 697 1344
1345 58 286 1345
1346 43 1236 1346
1347 57 567 1347
1348 68 644 1348
1349 57 323 1349
1350 47 1229 1350
1351 68 357 1351
1352 53 354 1352
1353 41 682 1353
1354 57 284 1354
1355 57 584 1355
1356 57 217 1356
1357 57 964 1357
1358 57 542 1358
1359 61 1243 1359
1360 44 313 1360
1361 53 178 1361
1362 42 181 1362
1363 57 584 1363
1364 53 357 1364
1365 68 548 1365
1366 57 637 1366
1367 57 284 1367
1368 41 178 1368
1369 1214 1224 1369
1370 58 942 1370
1371 58 634 1371
1372 1220 1254 1372
1373 53 1240 1373
1374 58 389 1374
1375 64 1223 1375
1376 55 1231 1376
1377 57 258 1377
1378 68 172 1378
1379 69 748 1379
1380 42 552 1380
1381 53 357 1381
1382 52 341 1382
1383 1213 217 1383
1384 57 458 1384
1385 53 531 1385
1386 63 1237 1386
1387 1213 1225 1387
1388 58 206 1388
1389 52 1235 1389
1390 68 298 1390
1391 68 285 1391
1392 44 623 1392
1393 57 461 1393
1394 51 1258 1394
1395 51 324 1395
1396 53 291 1396
1397 42 217 1397
1398 69 390 1398
1399 52 1238 1399
1400 63 202 1400
1401 49 447 1401
1402 55 651 1402
1403 63 301 1403
1404 56 382 1404
1405 51 758 1405
1406 57 198 1406
1407 56 637 1407
1408 49 797 1408
1409 68 357 1409
1410 53 664 1410
1411 55 1241 1411
1412 51 589 1412
1413 56 284 1413
1414 58 201 1414
1415 68 673 1415
1416 58 834 1416
1417 64 1248 1417
1418 42 188 1418
1419 55 458 1419
1420 42 692 1420
1421 57 864 1421
1422 57 329 1422
1423 55 463 1423
1424 57 868 1424
1425 57 248 1425
1426 53 357 1426
1427 52 1239 1427
1428 49 552 1428
1429 53 486 1429
1430 42 481 1430
1431 42 481 1431
1432 53 370 1432
1433 68 516 1433
1434 41 411 1434
1435 57 538 1435
1436 58 171 1436
1437 121 552 1437
1438 57 714 1438
1439 56 382 1439
1440 53 767 1440
1441 55 545 1441
1442 53 808 1442
1443 57 417 1443
1444 42 221 1444
1445 51 510 1445
1446 45 1227 1446
1447 69 673 1447
1448 41 312 1448
1449 58 243 1449
1450 57 391 1450
1451 1216 312 1451
1452 63 301 1452
1453 53 190 1453
1454 68 212 1454
1455 42 328 1455
1456 52 293 1456
1457 68 375 1457
1458 49 552 1458
1459 49 587 1459
1460 58 535 1460
1461 58 667 1461
1462 58 0 1462
1463 57 417 1463
1464 42 181 1464
1465 50 196 1465
1466 58 943 1466
1467 44 224 1467
1468 54 1252 1468
1469 44 1226 1469
1470 1285 299 1470
1471 1261 1301 1471
1472 1287 1333 1472
1473 1291 1369 1473
1474 54 1322 1474
1475 1271 1364 1475
1476 1290 1347 1476
1477 1267 1426 1477
1478 1282 1206 1478
1479 51 250 1479
1480 68 508 1480
1481 1262 1376 1481
1482 62 521 1482
1483 1294 1335 1483
1484 1209 1421 1484
1485 1281 1372 1485
1486 1280 376 1486
1487 1264 1326 1487
1488 1296 1339 1488
1489 1266 1452 1489
1490 1217 248 1490
1491 1286 1419 1491
1492 1282 1318 1492
1493 1264 1394 1493
1494 1278 1327 1494
1495 1216 1393 1495
1496 1280 1332 1496
1497 1280 1383 1497
1498 1292 280 1498
1499 1210 1337 1499
1500 1275 1381 1500
1501 1289 1442 1501
1502 1211 1439 1502
1503 1300 1461 1503
1504 1216 1308 1504
1505 1299 1395 1505
1506 1276 248 1506
1507 1267 1316 1507
1508 1259 1389 1508
1509 1209 1423 1509
1510 1214 1440 1510
1511 47 1467 1511
1512 1210 1306 1512
1513 1216 1311 1513
1514 1259 1405 1514
1515 1260 1323 1515
1516 1216 1354 1516
1517 1297 229 1517
1518 1260 1329 1518
1519 55 752 1519
1520 1267 602 1520
1521 52 1430 1521
1522 47 876 1522
1523 1209 1336 1523
1524 1259 1458 1524
1525 51 1413 1525
1526 1292 1350 1526
1527 1268 1352 1527
1528 56 794 1528
1529 68 690 1529
1530 52 618 1530
1531 1220 1310 1531
1532 1209 1424 1532
1533 1286 1445 1533
1534 57 495 1534
1535 51 1408 1535
1536 1210 1401 1536
1537 69 830 1537
1538 58 722 1538
1539 58 179 1539
1540 55 267 1540
1541 56 297 1541
1542 41 373 1542
1543 55 1359 1543
1544 72 323 1544
1545 57 280 1545
1546 1212 246 1546
1547 57 166 1547
1548 52 593 1548
1549 74 358 1549
1550 42 178 1550
1551 53 767 1551
1552 53 1365 1552
1553 57 329 1553
1554 53 414 1554
1555 1214 1341 1555
1556 72 1463 1556
1557 62 1319 1557
1558 68 214 1558
1559 55 561 1559
1560 69 830 1560
1561 55 431 1561
1562 1215 272 1562
1563 64 1404 1563
1564 57 637 1564
1565 1218 1436 1565
1566 1214 411 1566
1567 63 202 1567
1568 55 1247 1568
1569 68 214 1569
1570 1213 1398 1570
1571 55 270 1571
1572 43 1454 1572
1573 57 1455 1573
1574 1215 1343 1574
1575 53 1207 1575
1576 57 259 1576
1577 42 630 1577
1578 52 1343 1578
1579 53 1232 1579
1580 58 257 1580
1581 56 380 1581
1582 1214 1414 1582
1583 53 171 1583
1584 1214 1409 1584
1585 69 1415 1585
1586 47 1356 1586
1587 51 242 1587
1588 61 1391 1588
1589 69 1378 1589
1590 1293 1441 1590
1591 53 171 1591
1592 52 1303 1592
1593 58 179 1593
1594 1222 1388 1594
1595 52 752 1595
1596 52 1343 1596
1597 55 595 1597
1598 55 1448 1598
1599 1214 1360 1599
1600 57 369 1600
1601 53 335 1601
1602 52 1315 1602
1603 1295 1331 1603
1604 68 469 1604
1605 56 323 1605
1606 1209 1370 1606
1607 57 868 1607
1608 48 316 1608
1609 69 647 1609
1610 53 540 1610
1611 51 1334 1611
1612 72 230 1612
1613 1213 1361 1613
1614 1211 385 1614
1615 44 648 1615
1616 53 291 1616
1617 45 562 1617
1618 69 1437 1618
1619 1286 1304 1619
1620 53 1232 1620
1621 58 286 1621
1622 57 603 1622
1623 51 252 1623
1624 42 166 1624
1625 57 198 1625
1626 1216 1308 1626
1627 51 1233 1627
1628 51 177 1628
1629 57 456 1629
1630 127 488 1630
1631 1269 1438 1631
1632 58 1349 1632
1633 58 250 1633
1634 58 479 1634
1635 1267 1358 1635
1636 53 834 1636
1637 57 297 1637
1638 1267 1317 1638
1639 1271 1225 1639
1640 53 834 1640
1641 52 722 1641
1642 61 1415 1642
1643 68 198 1643
1644 49 883 1644
1645 43 0 1645
1646 64 1248 1646
1647 1209 1255 1647
1648 51 1358 1648
1649 53 637 1649
1650 1296 1390 1650
1651 53 229 1651
1652 51 1238 1652
1653 46 1355 1653
1654 57 259 1654
1655 51 357 1655
1656 1296 1338 1656
1657 55 1431 1657
1658 1288 1253 1658
1659 69 805 1659
1660 52 1435 1660
1661 1220 1434 1661
1662 42 276 1662
1663 1213 1442 1663
1664 58 1025 1664
1665 55 274 1665
1666 1298 171 1666
1667 53 171 1667
1668 42 388 1668
1669 53 411 1669
1670 58 597 1670
1671 1259 1429 1671
1672 50 186 1672
1673 57 313 1673
1674 52 1238 1674
1675 52 593 1675
1676 1279 196 1676
1677 58 250 1677
1678 61 1390 1678
1679 58 240 1679
1680 42 343 1680
1681 53 808 1681
1682 57 279 1682
1683 47 1362 1683
1684 1214 1329 1684
1685 1265 1451 1685
1686 52 1409 1686
1687 62 481 1687
1688 53 330 1688
1689 1267 1428 1689
1690 47 1363 1690
1691 57 584 1691
1692 53 486 1692
1693 52 1407 1693
1694 51 447 1694
1695 94 272 1695
1696 58 693 1696
1697 58 276 1697
1698 1213 821 1698
1699 1220 1365 1699
1700 53 280 1700
1701 45 1371 1701
1702 1213 1305 1702
1703 1296 1396 1703
1704 52 1449 1704
1705 47 630 1705
1706 69 332 1706
1707 51 188 1707
1708 56 569 1708
1709 69 1457 1709
1710 63 1237 1710
1711 49 1403 1711
1712 55 1366 1712
1713 1213 1373 1713
1714 57 195 1714
1715 69 472 1715
1716 1279 1317 1716
1717 41 886 1717
1718 57 271 1718
1719 42 388 1719
1720 51 1368 1720
1721 72 1302 1721
1722 57 847 1722
1723 51 1392 1723
1724 1215 502 1724
1725 1277 1345 1725
1726 42 276 1726
1727 57 579 1727
1728 61 1462 1728
1729 47 927 1729
1730 68 690 1730
1731 1213 270 1731
1732 68 357 1732
1733 55 1345 1733
1734 57 483 1734
1735 55 1466 1735
1736 1291 1309 1736
1737 1292 380 1737
1738 1214 1329 1738
1739 1286 1384 1739
1740 68 311 1740
1741 51 242 1741
1742 68 516 1742
1743 49 447 1743
1744 69 703 1744
1745 57 491 1745
1746 57 402 1746
1747 1222 1446 1747
1748 49 552 1748
1749 62 448 1749
1750 58 286 1750
1751 53 582 1751
1752 55 1464 1752
1753 64 1206 1753
1754 57 542 1754
1755 53 474 1755
1756 1213 1255 1756
1757 1214 1406 1757
1758 1216 1459 1758
1759 58 404 1759
1760 51 1240 1760
1761 53 1223 1761
1762 68 401 1762
1763 65 207 1763
1764 52 548 1764
1765 69 245 1765
1766 1214 1382 1766
1767 58 538 1767
1768 58 468 1768
1769 68 690 1769
1770 1274 1348 1770
1771 51 1258 1771
1772 1209 1424 1772
1773 57 1133 1773
1774 1209 1416 1774
1775 69 748 1775
1776 58 521 1776
1777 1289 1314 1777
1778 53 1456 1778
1779 1212 1425 1779
1780 1270 1387 1780
1781 1209 1453 1781
1782 57 198 1782
1783 51 1420 1783
1784 70 1244 1784
1785 69 452 1785
1786 45 1443 1786
1787 72 1374 1787
1788 51 405 1788
1789 55 1375 1789
1790 1213 1469 1790
1791 44 1325 1791
1792 61 1391 1792
1793 41 324 1793
1794 68 354 1794
1795 94 272 1795
1796 1298 1459 1796
1797 43 210 1797
1798 56 530 1798
1799 57 383 1799
1800 45 1422 1800
1801 42 343 1801
1802 68 482 1802
1803 57 666 1803
1804 68 586 1804
1805 42 388 1805
1806 69 1444 1806
1807 57 248 1807
1808 1282 486 1808
1809 72 1377 1809
1810 1214 1344 1810
1811 63 443 1811
1812 51 242 1812
1813 41 230 1813
1814 78 511 1814
1815 57 494 1815
1816 68 586 1816
1817 52 609 1817
1818 47 1467 1818
1819 68 639 1819
1820 1296 1252 1820
1821 1283 1320 1821
1822 44 1385 1822
1823 69 683 1823
1824 58 367 1824
1825 53 1240 1825
1826 57 368 1826
1827 44 700 1827
1828 53 229 1828
1829 52 388 1829
1830 53 885 1830
1831 68 545 1831
1832 58 751 1832
1833 58 548 1833
1834 68 357 1834
1835 53 808 1835
1836 61 431 1836
1837 57 270 1837
1838 1269 1349 1838
1839 55 466 1839
1840 1211 1064 1840
1841 58 882 1841
1842 44 1323 1842
1843 51 1397 1843
1844 49 552 1844
1845 63 181 1845
1846 44 246 1846
1847 1259 1417 1847
1848 61 1450 1848
1849 52 1432 1849
1850 57 1460 1850
1851 1259 1321 1851
1852 68 482 1852
1853 47 1330 1853
1854 52 593 1854
1855 52 1447 1855
1856 51 984 1856
1857 45 749 1857
1858 68 443 1858
1859 1217 1386 1859
1860 1272 1465 1860
1861 47 1307 1861
1862 1211 1324 1862
1863 1273 1411 1863
1864 54 1410 1864
1865 52 752 1865
1866 44 1433 1866
1867 53 634 1867
1868 55 1466 1868
1869 52 203 1869
1870 61 367 1870
1871 55 545 1871
1872 1271 1427 1872
1873 57 0 1873
1874 1213 1361 1874
1875 112 240 1875
1876 1267 1313 1876
1877 44 776 1877
1878 1209 1230 1878
1879 68 639 1879
1880 46 1357 1880
1881 55 1353 1881
1882 47 1380 1882
1883 1284 1468 1883
1884 57 423 1884
1885 55 949 1885
1886 57 1448 1886
1887 55 1464 1887
1888 55 1342 1888
1889 51 284 1889
1890 1259 1346 1890
1891 49 559 1891
1892 1214 1224 1892
1893 52 1340 1893
1894 68 267 1894
1895 1272 1320 1895
1896 69 211 1896
1897 72 1367 1897
1898 42 218 1898
1899 53 291 1899
1900 1280 861 1900
1901 41 230 1901
1902 53 398 1902
1903 1209 1402 1903
1904 1213 1379 1904
1905 1298 1412 1905
1906 68 690 1906
1907 1215 272 1907
1908 1217 1400 1908
1909 51 447 1909
1910 1263 1328 1910
1911 1259 1312 1911
1912 1209 277 1912
1913 58 201 1913
1914 52 752 1914
1915 55 1418 1915
1916 1291 1399 1916
1917 1283 1351 1917
1918 56 174 1918
1919 68 247 1919
1920 57 847 1920
1921 1214 1224 1921
1922 1506 1639 1922
1923 1512 1364 1923
1924 1510 1337 1924
1925 1513 1632 1925
1926 1486 1599 1926
1927 1485 1821 1927
1928 1471 1525 1928
1929 1487 1910 1929
1930 1512 1681 1930
1931 1501 1738 1931
1932 1514 1849 1932
1933 1496 1883 1933
1934 1475 1835 1934
1935 1497 1872 1935
1936 1476 1671 1936
1937 1472 1917 1937
1938 1266 1410 1938
1939 1494 1736 1939
1940 1487 1584 1940
1941 1478 1579 1941
1942 1500 1590 1942
1943 1515 1758 1943
1944 1513 1781 1944
1945 1518 1685 1945
1946 1283 1868 1946
1947 1271 1671 1947
1948 1285 1545 1948
1949 1501 1892 1949
1950 1293 1553 1950
1951 1276 1620 1951
1952 1505 1223 1952
1953 1262 1709 1953
1954 1514 1578 1954
1955 1211 780 1955
1956 1507 1605 1956
1957 1275 1817 1957
1958 1503 1873 1958
1959 1511 1761 1959
1960 1508 1746 1960
1961 1510 1337 1961
1962 91 1651 1962
1963 1509 1547 1963
1964 1506 1760 1964
1965 1489 1552 1965
1966 1484 1656 1966
1967 1260 1863 1967
1968 47 1898 1968
1969 1521 1798 1969
1970 1470 1640 1970
1971 1266 1897 1971
1972 1273 1343 1972
1973 1285 1643 1973
1974 1489 1600 1974
1975 1271 1902 1975
1976 1505 1762 1976
1977 1501 1892 1977
1978 1274 1393 1978
1979 1261 1401 1979
1980 1259 1346 1980
1981 1509 1880 1981
1982 1265 1636 1982
1983 1261 1623 1983
1984 1263 1341 1984
1985 1263 1653 1985
1986 1278 1621 1986
1987 1287 1774 1987
1988 1488 1702 1988
1989 1516 1874 1989
1990 1271 1761 1990
1991 1293 1786 1991
1992 55 1865 1992
1993 1283 1773 1993
1994 1285 1528 1994
1995 1480 1885 1995
1996 1519 1605 1996
1997 50 169 1997
1998 1289 1705 1998
1999 51 1624 1999
2000 1509 1348 2000
2001 1509 1661 2001
2002 1270 1816 2002
2003 1513 1720 2003
2004 1282 1794 2004
2005 1283 1777 2005
2006 47 1545 2006
2007 1270 1807 2007
2008 1509 1688 2008
2009 1275 1441 2009
2010 69 430 2010
2011 41 767 2011
2012 68 188 2012
2013 1216 1365 2013
2014 1519 1645 2014
2015 1269 1857 2015
2016 1270 1567 2016
2017 56 654 2017
2018 1283 1626 2018
2019 1217 248 2019
2020 1280 1552 2020
2021 52 1901 2021
2022 1213 821 2022
2023 1267 1621 2023
2024 51 179 2024
2025 1267 1587 2025
2026 58 615 2026
2027 49 552 2027
2028 1209 1630 2028
2029 46 1759 2029
2030 1264 278 2030
2031 1209 1615 2031
2032 1296 375 2032
2033 50 198 2033
2034 57 423 2034
2035 53 963 2035
2036 44 1837 2036
2037 55 781 2037
2038 1259 1426 2038
2039 1501 1568 2039
2040 61 443 2040
2041 44 1919 2041
2042 57 199 2042
2043 55 1718 2043
2044 92 1244 2044
2045 1217 1865 2045
2046 57 1637 2046
2047 51 1734 2047
2048 56 631 2048
2049 1276 1878 2049
2050 1495 1829 2050
2051 58 559 2051
2052 51 758 2052
2053 1509 1739 2053
2054 55 1542 2054
2055 53 514 2055
2056 1281 1576 2056
2057 1479 1833 2057
2058 1270 1690 2058
2059 1259 1617 2059
2060 53 1337 2060
2061 1276 388 2061
2062 45 280 2062
2063 52 1449 2063
2064 1210 1401 2064
2065 43 1834 2065
2066 1293 1865 2066
2067 69 1622 2067
2068 1287 1523 2068
2069 1505 1598 2069
2070 1211 1668 2070
2071 1217 1227 2071
2072 1271 1574 2072
2073 1265 1686 2073
2074 1292 1735 2074
2075 1262 539 2075
2076 1477 1728 2076
2077 1505 1551 2077
2078 1513 1632 2078
2079 1497 1852 2079
2080 1503 1564 2080
2081 1281 1727 2081
2082 1260 1369 2082
2083 1209 1423 2083
2084 1520 1731 2084
2085 1271 1908 2085
2086 1274 1687 2086
2087 72 577 2087
2088 1214 1719 2088
2089 1216 223 2089
2090 1507 1435 2090
2091 1263 1305 2091
2092 1271 1842 2092
2093 1268 1692 2093
2094 1270 1422 2094
2095 1217 1559 2095
2096 1270 606 2096
2097 1278 1836 2097
2098 52 794 2098
2099 1263 1341 2099
2100 58 466 2100
2101 55 297 2101
2102 57 520 2102
2103 69 1248 2103
2104 54 1709 2104
2105 49 587 2105
2106 58 171 2106
2107 1213 376 2107
2108 1260 1736 2108
2109 1261 1401 2109
2110 53 582 2110
2111 52 1804 2111
2112 68 425 2112
2113 42 603 2113
2114 51 357 2114
2115 43 373 2115
2116 78 511 2116
2117 44 1130 2117
2118 56 405 2118
2119 52 1776 2119
2120 50 1309 2120
2121 57 277 2121
2122 94 307 2122
2123 61 486 2123
2124 48 602 2124
2125 50 467 2125
2126 72 1374 2126
2127 1293 1611 2127
2128 41 682 2128
2129 55 388 2129
2130 61 1577 2130
2131 58 0 2131
2132 1213 529 2132
2133 1293 1565 2133
2134 1212 388 2134
2135 55 1241 2135
2136 45 620 2136
2137 1280 1764 2137
2138 58 598 2138
2139 1209 1891 2139
2140 53 396 2140
2141 1296 485 2141
2142 1491 1666 2142
2143 1260 1895 2143
2144 1293 1704 2144
2145 57 1662 2145
2146 1261 1610 2146
2147 1212 1755 2147
2148 1213 1400 2148
2149 1266 1840 2149
2150 1263 1341 2150
2151 1293 1820 2151
2152 1270 1756 2152
2153 1283 1887 2153
2154 1293 1596 2154
2155 1283 1819 2155
2156 1217 1348 2156
2157 1269 231 2157
2158 1275 1856 2158
2159 1499 1739 2159
2160 1278 1818 2160
2161 91 1697 2161
2162 1483 1594 2162
2163 1293 1810 2163
2164 1495 1395 2164
2165 1214 1708 2165
2166 1283 1893 2166
2167 1217 1316 2167
2168 1209 1416 2168
2169 58 0 2169
2170 1280 702 2170
2171 57 931 2171
2172 51 1458 2172
2173 1484 1700 2173
2174 1282 1792 2174
2175 69 452 2175
2176 51 1233 2176
2177 68 586 2177
2178 1216 1815 2178
2179 1491 1382 2179
2180 1281 1782 2180
2181 1215 643 2181
2182 48 478 2182
2183 1482 1641 2183
2184 1269 1206 2184
2185 1285 1658 2185
2186 1259 1678 2186
2187 1513 1916 2187
2188 1213 1595 2188
2189 48 1813 2189
2190 47 414 2190
2191 1280 1764 2191
2192 49 503 2192
2193 1271 1556 2193
2194 45 348 2194
2195 1491 1663 2195
2196 48 371 2196
2197 1280 1602 2197
2198 41 178 2198
2199 44 663 2199
2200 1259 1426 2200
2201 57 591 2201
2202 1217 1545 2202
2203 53 1769 2203
2204 53 177 2204
2205 44 1224 2205
2206 55 431 2206
2207 68 285 2207
2208 1281 1772 2208
2209 1473 1780 2209
2210 1496 1737 2210
2211 1499 1735 2211
2212 1265 1451 2212
2213 1293 1711 2213
2214 1513 1781 2214
2215 1509 1531 2215
2216 1265 1533 2216
2217 1271 1379 2217
2218 1292 1601 2218
2219 1484 1825 2219
2220 1263 1341 2220
2221 1477 1862 2221
2222 1293 1757 2222
2223 1259 1426 2223
2224 1484 1847 2224
2225 1261 1791 2225
2226 1285 1851 2226
2227 1217 1811 2227
2228 1214 1592 2228
2229 1275 1348 2229
2230 1484 1419 2230
2231 1216 1365 2231
2232 52 189 2232
2233 1275 1627 2233
2234 1504 1699 2234
2235 1260 1706 2235
2236 1492 1878 2236
2237 1477 1862 2237
2238 45 287 2238
2239 51 1397 2239
2240 1293 1635 2240
2241 53 370 2241
2242 42 185 2242
2243 1217 1227 2243
2244 50 368 2244
2245 1216 1841 2245
2246 43 1454 2246
2247 51 840 2247
2248 1209 1745 2248
2249 55 340 2249
2250 48 1831 2250
2251 1281 366 2251
2252 42 507 2252
2253 51 1330 2253
2254 55 1353 2254
2255 1270 1438 2255
2256 1216 1365 2256
2257 55 590 2257
2258 1287 1333 2258
2259 1477 1684 2259
2260 63 181 2260
2261 58 285 2261
2262 52 651 2262
2263 1268 1712 2263
2264 1293 1765 2264
2265 1293 1562 2265
2266 1278 1545 2266
2267 1477 1912 2267
2268 1285 1585 2268
2269 1283 1766 2269
2270 1269 231 2270
2271 1502 1790 2271
2272 1474 1700 2272
2273 1280 1789 2273
2274 1214 1767 2274
2275 57 488 2275
2276 47 1330 2276
2277 1285 1714 2277
2278 1263 1904 2278
2279 1265 1669 2279
2280 1275 1627 2280
2281 1267 893 2281
2282 44 1409 2282
2283 1509 1612 2283
2284 1293 1540 2284
2285 1216 223 2285
2286 78 275 2286
2287 1271 1376 2287
2288 43 373 2288
2289 1507 1648 2289
2290 57 655 2290
2291 1292 1431 2291
2292 1280 1337 2292
2293 46 323 2293
2294 1259 1896 2294
2295 43 1682 2295
2296 1262 1585 2296
2297 1209 1799 2297
2298 1293 1711 2298
2299 44 1604 2299
2300 52 185 2300
2301 1265 1903 2301
2302 1501 1740 2302
2303 48 871 2303
2304 1296 1560 2304
2305 52 621 2305
2306 55 1431 2306
2307 72 1802 2307
2308 1216 380 2308
2309 58 243 2309
2310 1484 1700 2310
2311 1290 1366 2311
2312 1517 1855 2312
2313 1271 1571 2313
2314 1212 1680 2314
2315 53 291 2315
2316 1209 1848 2316
2317 1477 1546 2317
2318 1491 1349 2318
2319 1214 1224 2319
2320 1282 1915 2320
2321 1491 1343 2321
2322 1263 1365 2322
2323 55 1646 2323
2324 1263 1632 2324
2325 1291 1881 2325
2326 1283 1373 2326
2327 1293 1352 2327
2328 1214 1344 2328
2329 1509 1894 2329
2330 1281 1751 2330
2331 1505 1882 2331
2332 1264 1618 2332
2333 1280 1332 2333
2334 1504 1569 2334
2335 52 218 2335
2336 1503 1754 2336
2337 1210 1768 2337
2338 1292 166 2338
2339 1280 1628 2339
2340 1477 1699 2340
2341 55 1609 2341
2342 1263 1365 2342
2343 1213 595 2343
2344 1269 1423 2344
2345 72 1670 2345
2346 43 763 2346
2347 47 171 2347
2348 58 285 2348
2349 1281 0 2349
2350 42 194 2350
2351 1216 1642 2351
2352 1260 1735 2352
2353 57 391 2353
2354 52 1238 2354
2355 56 850 2355
2356 1274 445 2356
2357 1216 1677 2357
2358 50 933 2358
2359 1216 1801 2359
2360 58 548 2360
2361 1477 1692 2361
2362 51 1458 2362
2363 53 347 2363
2364 1211 191 2364
2365 1270 1743 2365
2366 1511 984 2366
2367 1507 1888 2367
2368 1283 1775 2368
2369 1280 1830 2369
2370 1283 1657 2370
2371 1287 1655 2371
2372 1209 277 2372
2373 1214 1634 2373
2374 1265 1686 2374
2375 1509 1524 2375
2376 127 488 2376
2377 45 1832 2377
2378 53 1243 2378
2379 57 542 2379
2380 1212 1741 2380
2381 50 196 2381
2382 47 199 2382
2383 1219 1692 2383
2384 55 1593 2384
2385 69 452 2385
2386 1271 1701 2386
2387 1281 1358 2387
2388 121 527 2388
2389 1216 1308 2389
2390 53 229 2390
2391 1295 1871 2391
2392 1211 780 2392
2393 1265 1683 2393
2394 1215 235 2394
2395 55 1884 2395
2396 45 348 2396
2397 1210 1401 2397
2398 1216 275 2398
2399 57 603 2399
2400 52 933 2400
2401 53 808 2401
2402 51 1240 2402
2403 1291 246 2403
2404 55 318 2404
2405 1271 1899 2405
2406 1262 1623 2406
2407 1280 1909 2407
2408 78 1801 2408
2409 1491 1360 2409
2410 1271 1800 2410
2411 1262 1659 2411
2412 1275 1856 2412
2413 1209 1633 2413
2414 1280 1426 2414
2415 1259 1827 2415
2416 1283 1324 2416
2417 1519 1744 2417
2418 1217 1443 2418
2419 1266 1543 2419
2420 1263 1665 2420
2421 1293 1693 2421
2422 1511 1879 2422
2423 57 491 2423
2424 1214 1360 2424
2425 45 348 2425
2426 49 883 2426
2427 52 1659 2427
2428 1280 1752 2428
2429 1266 1796 2429
2430 91 1732 2430
2431 1293 1582 2431
2432 55 382 2432
2433 42 566 2433
2434 48 1914 2434
2435 50 864 2435
2436 1511 1879 2436
2437 58 206 2437
2438 1287 1561 2438
2439 1280 1724 2439
2440 1477 1428 2440
2441 1216 1795 2441
2442 1285 1876 2442
2443 51 891 2443
2444 1491 1711 2444
2445 52 933 2445
2446 1484 1419 2446
2447 1271 1555 2447
2448 1283 1784 2448
2449 1475 1725 2449
2450 1477 1539 2450
2451 1285 1888 2451
2452 1499 1713 2452
2453 1293 1803 2453
2454 1261 1793 2454
2455 1269 231 2455
2456 1271 1842 2456
2457 1510 1631 2457
2458 42 181 2458
2459 1283 1657 2459
2460 43 633 2460
2461 55 1673 2461
2462 72 529 2462
2463 51 205 2463
2464 1283 1575 2464
2465 48 1423 2465
2466 1291 1572 2466
2467 1269 1753 2467
2468 68 443 2468
2469 47 1644 2469
2470 1216 1569 2470
2471 1263 1608 2471
2472 43 1918 2472
2473 1214 1823 2473
2474 1508 1580 2474
2475 1510 1631 2475
2476 1213 1373 2476
2477 48 352 2477
2478 1288 1373 2478
2479 1216 507 2479
2480 58 207 2480
2481 58 193 2481
2482 46 1354 2482
2483 1209 1919 2483
2484 1509 1524 2484
2485 1209 1389 2485
2486 1270 1907 2486
2487 1283 1563 2487
2488 1493 1808 2488
2489 1283 1784 2489
2490 1292 1538 2490
2491 47 219 2491
2492 1263 1581 2492
2493 1499 1739 2493
2494 1285 1905 2494
2495 1293 1611 2495
2496 1287 1921 2496
2497 1271 1760 2497
2498 55 311 2498
2499 53 530 2499
2500 42 437 2500
2501 1213 256 2501
2502 72 1730 2502
2503 1501 1843 2503
2504 1499 1650 2504
2505 43 540 2505
2506 1213 1854 2506
2507 1288 1373 2507
2508 1509 1895 2508
2509 55 267 2509
2510 1495 452 2510
2511 1262 1867 2511
2512 51 1898 2512
2513 68 212 2513
2514 1283 1689 2514
2515 1479 1746 2515
2516 1508 1795 2516
2517 1512 1681 2517
2518 1276 1878 2518
2519 1293 1842 2519
2520 1296 1550 2520
2521 1263 1788 2521
2522 1290 1696 2522
2523 1484 1853 2523
2524 1283 1674 2524
2525 1266 1589 2525
2526 1477 1779 2526
2527 51 219 2527
2528 1498 1755 2528
2529 44 1875 2529
2530 1264 1529 2530
2531 57 379 2531
2532 1218 1586 2532
2533 56 794 2533
2534 1283 1320 2534
2535 1281 1316 2535
2536 57 270 2536
2537 57 217 2537
2538 1216 1354 2538
2539 44 572 2539
2540 44 1347 2540
2541 1270 373 2541
2542 1217 1419 2542
2543 1479 1530 2543
2544 83 1797 2544
2545 1508 1534 2545
2546 1214 1763 2546
2547 1291 1309 2547
2548 1281 1381 2548
2549 1283 1619 2549
2550 1492 1305 2550
2551 1285 1729 2551
2552 1217 231 2552
2553 1261 1558 2553
2554 1273 1411 2554
2555 1297 1844 2555
2556 53 1634 2556
2557 1274 1654 2557
2558 68 334 2558
2559 56 400 2559
2560 64 840 2560
2561 74 358 2561
2562 1213 1605 2562
2563 1264 1664 2563
2564 42 318 2564
2565 1477 1850 2565
2566 1478 1838 2566
2567 1481 1532 2567
2568 1266 1568 2568
2569 1509 1661 2569
2570 1271 1822 2570
2571 1514 1859 2571
2572 1270 356 2572
2573 1283 1766 2573
2574 1266 1568 2574
2575 55 1846 2575
2576 1509 1860 2576
2577 45 1607 2577
2578 41 673 2578
2579 1287 1864 2579
2580 51 586 2580
2581 55 1646 2581
2582 1259 1429 2582
2583 1214 1346 2583
2584 42 587 2584
2585 68 212 2585
2586 1217 1573 2586
2587 45 615 2587
2588 47 1707 2588
2589 1259 1548 2589
2590 1288 204 2590
2591 56 476 2591
2592 69 332 2592
2593 1293 1783 2593
2594 1209 229 2594
2595 69 237 2595
2596 1281 1614 2596
2597 1296 1749 2597
2598 1271 1890 2598
2599 53 231 2599
2600 1490 1341 2600
2601 63 1691 2601
2602 1261 1301 2602
2603 55 608 2603
2604 1276 1778 2604
2605 1275 1733 2605
2606 53 767 2606
2607 1290 1760 2607
2608 1519 1771 2608
2609 51 242 2609
2610 43 373 2610
2611 1217 1858 2611
2612 45 423 2612
2613 1292 1616 2613
2614 56 177 2614
2615 78 511 2615
2616 68 476 2616
2617 1296 1861 2617
2618 1259 1649 2618
2619 53 780 2619
2620 52 1695 2620
2621 1501 1568 2621
2622 1222 1697 2622
2623 1265 1652 2623
2624 55 1353 2624
2625 47 1679 2625
2626 1219 417 2626
2627 52 203 2627
2628 52 1432 2628
2629 51 252 2629
2630 41 443 2630
2631 1264 1441 2631
2632 42 221 2632
2633 1495 1889 2633
2634 1262 1566 2634
2635 1505 1770 2635
2636 1476 1341 2636
2637 1487 1537 2637
2638 1285 1721 2638
2639 1210 1718 2639
2640 50 507 2640
2641 51 206 2641
2642 1216 1625 2642
2643 1275 1733 2643
2644 1516 1613 2644
2645 43 551 2645
2646 1259 1804 2646
2647 1222 1587 2647
2648 1271 1571 2648
2649 1273 1343 2649
2650 1299 1395 2650
2651 1513 1900 2651
2652 1261 1603 2652
2653 1513 1720 2653
2654 1260 1736 2654
2655 48 1805 2655
2656 1501 1738 2656
2657 57 1637 2657
2658 1259 1321 2658
2659 1298 503 2659
2660 44 417 2660
2661 1213 1675 2661
2662 53 629 2662
2663 1495 1845 2663
2664 1215 655 2664
2665 1509 1638 2665
2666 78 1349 2666
2667 62 1913 2667
2668 42 420 2668
2669 1209 1848 2669
2670 1209 1632 2670
2671 72 1726 2671
2672 1281 1554 2672
2673 1508 1747 2673
2674 47 1877 2674
2675 1269 1367 2675
2676 1270 1417 2676
2677 1271 1660 2677
2678 1514 1549 2678
2679 47 414 2679
2680 1509 1750 2680
2681 1283 1351 2681
2682 1213 376 2682
2683 1271 1814 2683
2684 41 780 2684
2685 1491 1787 2685
2686 45 233 2686
2687 68 443 2687
2688 1272 1588 2688
2689 1509 1751 2689
2690 43 1303 2690
2691 1507 1828 2691
2692 1285 1526 2692
2693 1287 1723 2693
2694 1220 1824 2694
2695 1477 1844 2695
2696 1262 1376 2696
2697 1522 1812 2697
2698 52 1447 2698
2699 1212 1866 2699
2700 1271 1574 2700
2701 1261 1911 2701
2702 72 230 2702
2703 1213 1564 2703
2704 1212 202 2704
2705 1263 1606 2705
2706 1217 1316 2706
2707 1484 1536 2707
2708 1271 1760 2708
2709 1216 223 2709
2710 1278 229 2710
2711 1484 1656 2711
2712 1509 1703 2712
2713 1491 1406 2713
2714 1509 1698 2714
2715 1262 1591 2715
2716 65 885 2716
2717 55 1869 2717
2718 45 1826 2718
2719 51 1732 2719
2720 51 1241 2720
2721 1217 1839 2721
2722 1482 1341 2722
2723 1271 1411 2723
2724 1285 1526 2724
2725 53 363 2725
2726 57 312 2726
2727 44 206 2727
2728 44 256 2728
2729 41 367 2729
2730 1269 1762 2730
2731 1510 1631 2731
2732 69 189 2732
2733 1271 1715 2733
2734 69 805 2734
2735 69 417 2735
2736 1491 1666 2736
2737 58 749 2737
2738 1293 1647 2738
2739 61 1717 2739
2740 1259 1710 2740
2741 45 348 2741
2742 1300 1341 2742
2743 1213 1667 2743
2744 1219 1748 2744
2745 1265 1669 2745
2746 1490 1341 2746
2747 1293 1729 2747
2748 1293 1596 2748
2749 1487 1527 2749
2750 1513 1787 2750
2751 44 417 2751
2752 1292 1694 2752
2753 51 1886 2753
2754 57 1637 2754
2755 49 559 2755
2756 1508 1834 2756
2757 1497 1649 2757
2758 51 1358 2758
2759 1488 1870 2759
2760 69 472 2760
2761 57 495 2761
2762 1269 1640 2762
2763 1270 1676 2763
2764 1265 1903 2764
2765 51 252 2765
2766 1280 1809 2766
2767 1285 1867 2767
2768 1295 1672 2768
2769 1293 1711 2769
2770 52 1251 2770
2771 1267 1317 2771
2772 1218 1538 2772
2773 52 1231 2773
2774 61 431 2774
2775 1259 1706 2775
2776 1271 1535 2776
2777 42 224 2777
2778 45 1541 2778
2779 1269 1364 2779
2780 1270 606 2780
2781 1511 1879 2781
2782 1296 1785 2782
2783 1270 1907 2783
2784 68 476 2784
2785 55 556 2785
2786 1279 1806 2786
2787 1276 1620 2787
2788 51 1413 2788
2789 1293 1540 2789
2790 51 242 2790
2791 52 606 2791
2792 1293 1729 2792
2793 1470 1640 2793
2794 1271 1722 2794
2795 51 438 2795
2796 44 1567 2796
2797 41 196 2797
2798 74 1325 2798
2799 55 1920 2799
2800 1271 1583 2800
2801 1266 1906 2801
2802 1261 1558 2802
2803 1281 1557 2803
2804 1286 1597 2804
2805 1260 1742 2805
2806 1281 1629 2806
2807 1281 1570 2807
2808 1484 1401 2808
2809 1267 1228 2809
2810 1291 1881 2810
2811 1283 1784 2811
2812 1266 1716 2812
2813 1484 1544 2813
2814 1293 1540 2814
2815 1938 2197 2815
2816 1948 2695 2816
2817 1966 2144 2817
2818 1932 2504 2818
2819 1472 2497 2819
2820 1923 1995 2820
2821 1949 2485 2821
2822 1967 2276 2822
2823 1936 2269 2823
2824 1950 2114 2824
2825 1954 1301 2825
2826 1938 2005 2826
2827 1944 2170 2827
2828 1940 2092 2828
2829 1470 2220 2829
2830 1940 2757 2830
2831 1961 2015 2831
2832 1943 2459 2832
2833 1960 2340 2833
2834 1475 2306 2834
2835 1947 2226 2835
2836 1926 2108 2836
2837 1478 2689 2837
2838 1926 2099 2838
2839 1938 1735 2839
2840 1929 2223 2840
2841 1956 2465 2841
2842 1473 2502 2842
2843 1924 2654 2843
2844 1963 2475 2844
2845 1951 2323 2845
2846 1964 2465 2846
2847 1931 2488 2847
2848 1933 2410 2848
2849 1925 1527 2849
2850 1952 2534 2850
2851 1953 2470 2851
2852 1944 2170 2852
2853 1946 1989 2853
2854 1946 2800 2854
2855 1470 2723 2855
2856 1931 2050 2856
2857 1925 2724 2857
2858 1486 1328 2858
2859 1500 2424 2859
2860 1287 1864 2860
2861 1215 777 2861
2862 1959 2037 2862
2863 1500 2179 2863
2864 1953 2509 2864
2865 1486 1751 2865
2866 1963 2342 2866
2867 1470 2579 2867
2868 1965 2273 2868
2869 47 2118 2869
2870 1270 1743 2870
2871 1210 2036 2871
2872 57 233 2872
2873 1473 2422 2873
2874 93 2761 2874
2875 62 523 2875
2876 51 588 2876
2877 1285 1978 2877
2878 1931 2109 2878
2879 69 703 2879
2880 1963 2648 2880
2881 1261 1328 2881
2882 1260 2308 2882
2883 1281 393 2883
2884 1285 1611 2884
2885 1280 214 2885
2886 1295 1873 2886
2887 1283 1674 2887
2888 1266 2650 2888
2889 1281 1807 2889
2890 1470 2302 2890
2891 1270 2071 2891
2892 1501 2659 2892
2893 1260 2238 2893
2894 1951 2095 2894
2895 1963 2227 2895
2896 1473 2374 2896
2897 1498 1579 2897
2898 1925 2151 2898
2899 1956 2418 2899
2900 1505 1852 2900
2901 1928 2213 2901
2902 1271 2622 2902
2903 1963 2442 2903
2904 1940 1984 2904
2905 1477 2365 2905
2906 1262 2372 2906
2907 1470 2485 2907
2908 1512 1348 2908
2909 1282 1816 2909
2910 1470 2330 2910
2911 1499 2190 2911
2912 1477 2178 2912
2913 1484 2611 2913
2914 1281 1395 2914
2915 1471 2812 2915
2916 1952 2442 2916
2917 1471 2245 2917
2918 1963 2691 2918
2919 1283 2613 2919
2920 1261 1716 2920
2921 1470 2506 2921
2922 1500 1584 2922
2923 1486 2603 2923
2924 1490 1655 2924
2925 1500 1599 2925
2926 1475 2143 2926
2927 1471 2256 2927
2928 1484 2436 2928
2929 1475 2571 2929
2930 1470 2370 2930
2931 1285 2291 2931
2932 1472 2051 2932
2933 1953 2700 2933
2934 1470 2156 2934
2935 1261 1401 2935
2936 1283 2577 2936
2937 1505 1882 2937
2938 1489 2233 2938
2939 1503 2396 2939
2940 1270 1346 2940
2941 1266 2499 2941
2942 1953 2530 2942
2943 1495 2798 2943
2944 1478 2312 2944
2945 1948 2445 2945
2946 1951 2542 2946
2947 1963 2446 2947
2948 1213 1585 2948
2949 1955 2775 2949
2950 1950 1975 2950
2951 1476 2397 2951
2952 1285 299 2952
2953 1261 1301 2953
2954 1470 1985 2954
2955 1296 1749 2955
2956 1485 2332 2956
2957 1470 2550 2957
2958 1472 2268 2958
2959 1470 1990 2959
2960 1287 1921 2960
2961 1281 2168 2961
2962 1475 2646 2962
2963 1471 2544 2963
2964 1471 2049 2964
2965 1477 2697 2965
2966 1951 2024 2966
2967 1501 1892 2967
2968 1953 2229 2968
2969 1963 2648 2969
2970 1961 2078 2970
2971 1951 1738 2971
2972 1471 1843 2972
2973 1271 2773 2973
2974 1475 2805 2974
2975 1956 2515 2975
2976 1956 1373 2976
2977 1500 2471 2977
2978 1470 2330 2978
2979 1956 2783 2979
2980 1485 1656 2980
2981 1951 2453 2981
2982 1493 1655 2982
2983 1493 1655 2983
2984 1961 2076 2984
2985 1496 2245 2985
2986 1950 1878 2986
2987 1287 2395 2987
2988 1484 2197 2988
2989 1271 1889 2989
2990 47 868 2990
2991 57 274 2991
2992 44 1006 2992
2993 42 759 2993
2994 1259 2578 2994
2995 68 445 2995
2996 51 1898 2996
2997 68 592 2997
2998 41 300 2998
2999 1216 2295 2999
3000 1495 2129 3000
3001 1291 1309 3001
3002 57 603 3002
3003 53 335 3003
3004 1283 1575 3004
3005 69 245 3005
3006 50 2388 3006
3007 1210 2426 3007
3008 50 419 3008
3009 61 441 3009
3010 42 307 3010
3011 1508 1797 3011
3012 1274 2207 3012
3013 42 692 3013
3014 1283 1868 3014
3015 1259 356 3015
3016 1274 347 3016
3017 61 2668 3017
3018 1293 1753 3018
3019 42 828 3019
3020 1508 1224 3020
3021 45 1742 3021
3022 1505 1624 3022
3023 1267 1802 3023
3024 42 370 3024
3025 42 400 3025
3026 51 370 3026
3027 44 217 3027
3028 42 507 3028
3029 1270 2427 3029
3030 55 1768 3030
3031 57 428 3031
3032 51 2777 3032
3033 1213 291 3033
3034 1270 1304 3034
3035 1271 2720 3035
3036 1273 1904 3036
3037 1209 623 3037
3038 55 2537 3038
3039 43 210 3039
3040 50 277 3040
3041 49 587 3041
3042 41 375 3042
3043 53 250 3043
3044 1282 2017 3044
3045 1280 2203 3045
3046 1497 2709 3046
3047 1479 1746 3047
3048 1951 2524 3048
3049 1278 2619 3049
3050 1962 1316 3050
3051 1276 1435 3051
3052 1266 2123 3052
3053 1948 2521 3053
3054 45 2348 3054
3055 1265 1592 3055
3056 1506 2318 3056
3057 1500 2298 3057
3058 1926 2681 3058
3059 1956 2495 3059
3060 1514 2309 3060
3061 1486 2165 3061
3062 1509 2293 3062
3063 1498 2628 3063
3064 1951 2230 3064
3065 1278 1301 3065
3066 1947 2389 3066
3067 1473 2241 3067
3068 1950 2486 3068
3069 1291 2468 3069
3070 1487 2786 3070
3071 1951 2645 3071
3072 1963 1758 3072
3073 1485 2015 3073
3074 1283 2145 3074
3075 1958 1527 3075
3076 1506 2477 3076
3077 1491 2735 3077
3078 1490 2718 3078
3079 1280 2679 3079
3080 1293 1704 3080
3081 1473 2004 3081
3082 1512 2091 3082
3083 1948 2195 3083
3084 1281 2580 3084
3085 1961 2398 3085
3086 1948 2582 3086
3087 1477 2019 3087
3088 1516 2594 3088
3089 1282 1816 3089
3090 1930 1739 3090
3091 1470 2111 3091
3092 1493 2781 3092
3093 1961 2371 3093
3094 1471 2359 3094
3095 1969 2482 3095
3096 1951 2234 3096
3097 1473 2730 3097
3098 1971 1598 3098
3099 1486 2705 3099
3100 1509 1612 3100
3101 1496 1737 3101
3102 1485 2549 3102
3103 1470 2081 3103
3104 1500 2154 3104
3105 1951 2508 3105
3106 1500 2094 3106
3107 1969 1814 3107
3108 1473 2193 3108
3109 1953 2069 3109
3110 1264 2314 3110
3111 1950 2604 3111
3112 1484 1825 3112
3113 1470 2172 3113
3114 1285 1528 3114
3115 1948 2417 3115
3116 1489 1600 3116
3117 1506 1619 3117
3118 1948 2214 3118
3119 1956 2607 3119
3120 1217 1845 3120
3121 1474 1831 3121
3122 1500 2100 3122
3123 1486 2683 3123
3124 1501 2243 3124
3125 1950 2410 3125
3126 1963 1591 3126
3127 1475 2271 3127
3128 1473 2005 3128
3129 1475 1684 3129
3130 1953 2041 3130
3131 1470 2756 3131
3132 1470 2743 3132
3133 1951 1980 3133
3134 1491 1681 3134
3135 1497 2055 3135
3136 1293 1565 3136
3137 1513 1632 3137
3138 1477 2365 3138
3139 57 614 3139
3140 1216 2527 3140
3141 68 285 3141
3142 1286 2260 3142
3143 1473 2216 3143
3144 42 425 3144
3145 58 795 3145
3146 58 367 3146
3147 1262 2704 3147
3148 55 479 3148
3149 1214 1409 3149
3150 61 369 3150
3151 72 2784 3151
3152 61 1391 3152
3153 78 1718 3153
3154 44 2046 3154
3155 1219 2437 3155
3156 44 651 3156
3157 1288 1592 3157
3158 42 299 3158
3159 58 466 3159
3160 58 596 3160
3161 1491 1897 3161
3162 55 2716 3162
3163 74 2630 3163
3164 53 309 3164
3165 58 404 3165
3166 62 717 3166
3167 57 1637 3167
3168 55 782 3168
3169 58 282 3169
3170 1215 1343 3170
3171 1287 2788 3171
3172 58 749 3172
3173 55 1632 3173
3174 57 538 3174
3175 50 1077 3175
3176 49 265 3176
3177 1283 1351 3177
3178 1220 1824 3178
3179 42 855 3179
3180 68 443 3180
3181 57 964 3181
3182 1298 171 3182
3183 43 691 3183
3184 1296 2194 3184
3185 42 370 3185
3186 1270 1382 3186
3187 1282 2423 3187
3188 42 692 3188
3189 1511 1801 3189
3190 1477 1428 3190
3191 42 370 3191
3192 1509 2639 3192
3193 64 1223 3193
3194 52 433 3194
3195 42 654 3195
3196 44 2785 3196
3197 69 2797 3197
3198 1267 1867 3198
3199 1213 277 3199
3200 58 547 3200
3201 1955 1640 3201
3202 48 334 3202
3203 1938 2002 3203
3204 1475 2296 3204
3205 1475 2711 3205
3206 1293 2809 3206
3207 1477 2006 3207
3208 1509 1880 3208
3209 51 1240 3209
3210 1514 2297 3210
3211 51 2625 3211
3212 1266 2687 3212
3213 1490 2554 3213
3214 1513 1995 3214
3215 1506 2419 3215
3216 1927 2449 3216
3217 1475 2571 3217
3218 1470 2225 3218
3219 1287 1655 3219
3220 1470 2068 3220
3221 1500 2080 3221
3222 1500 2053 3222
3223 1473 2216 3223
3224 1514 2300 3224
3225 1964 2336 3225
3226 1497 1649 3226
3227 1486 2327 3227
3228 1283 2577 3228
3229 1477 2395 3229
3230 1284 1626 3230
3231 1475 2721 3231
3232 1473 2574 3232
3233 1936 2172 3233
3234 1943 2407 3234
3235 1492 2594 3235
3236 1472 1835 3236
3237 1276 2606 3237
3238 1959 2381 3238
3239 1961 2722 3239
3240 1222 1315 3240
3241 1486 2466 3241
3242 1951 2133 3242
3243 1509 1429 3243
3244 1266 1443 3244
3245 1513 2583 3245
3246 1486 2026 3246
3247 1217 2599 3247
3248 1260 1301 3248
3249 1496 2378 3249
3250 1500 1690 3250
3251 1284 1646 3251
3252 1271 2086 3252
3253 1505 2532 3253
3254 1285 2275 3254
3255 1266 581 3255
3256 1283 2473 3256
3257 1936 2708 3257
3258 1500 2633 3258
3259 1481 1711 3259
3260 1285 1621 3260
3261 1961 2440 3261
3262 1500 2685 3262
3263 1271 1364 3263
3264 1271 1696 3264
3265 1939 2444 3265
3266 1473 1639 3266
3267 1501 1387 3267
3268 1940 2150 3268
3269 1940 2366 3269
3270 1486 2200 3270
3271 1285 2696 3271
3272 1947 2813 3272
3273 1278 1775 3273
3274 1278 2682 3274
3275 1487 1527 3275
3276 1951 2649 3276
3277 1500 2100 3277
3278 1292 2286 3278
3279 1293 2248 3279
3280 1263 2588 3280
3281 52 2261 3281
3282 1938 2634 3282
3283 1470 2330 3283
3284 1212 2011 3284
3285 1475 1981 3285
3286 1473 2158 3286
3287 1507 1888 3287
3288 72 168 3288
3289 1270 2559 3289
3290 44 523 3290
3291 1473 2468 3291
3292 61 420 3292
3293 1222 248 3293
3294 55 2198 3294
3295 1279 1805 3295
3296 1281 452 3296
3297 1498 2676 3297
3298 1217 1530 3298
3299 68 476 3299
3300 57 391 3300
3301 1266 2650 3301
3302 1484 2562 3302
3303 1508 1795 3303
3304 69 786 3304
3305 1514 2434 3305
3306 41 680 3306
3307 1210 199 3307
3308 45 1621 3308
3309 1215 1643 3309
3310 1287 550 3310
3311 51 891 3311
3312 1266 1579 3312
3313 58 287 3313
3314 45 461 3314
3315 1292 559 3315
3316 58 376 3316
3317 1285 1585 3317
3318 1283 1855 3318
3319 1292 1405 3319
3320 50 351 3320
3321 52 2261 3321
3322 41 780 3322
3323 72 2591 3323
3324 41 300 3324
3325 48 2627 3325
3326 1283 2806 3326
3327 55 267 3327
3328 1212 204 3328
3329 1275 2742 3329
3330 43 1454 3330
3331 1474 2006 3331
3332 41 209 3332
3333 1281 2727 3333
3334 48 2533 3334
3335 1508 2189 3335
3336 58 572 3336
3337 42 307 3337
3338 1210 2346 3338
3339 1471 2313 3339
3340 1489 2752 3340
3341 1262 2247 3341
3342 1293 1842 3342
3343 58 254 3343
3344 1950 2802 3344
3345 1506 2792 3345
3346 1961 2611 3346
3347 1471 2774 3347
3348 1949 2354 3348
3349 1956 2266 3349
3350 1273 2595 3350
3351 1265 2201 3351
3352 1493 2511 3352
3353 1471 2544 3353
3354 1947 2212 3354
3355 1938 2002 3355
3356 1950 2604 3356
3357 1926 2464 3357
3358 1500 2025 3358
3359 1470 2411 3359
3360 1290 1347 3360
3361 1963 2664 3361
3362 1470 1985 3362
3363 1947 2692 3363
3364 1285 2134 3364
3365 1265 2104 3365
3366 1513 1781 3366
3367 1923 2270 3367
3368 1486 2565 3368
3369 1270 2305 3369
3370 1951 2520 3370
3371 1471 1657 3371
3372 1500 2307 3372
3373 1956 2643 3373
3374 1509 1880 3374
3375 1281 559 3375
3376 1500 2518 3376
3377 1953 2064 3377
3378 1953 2069 3378
3379 1950 2604 3379
3380 1284 1468 3380
3381 1963 2442 3381
3382 1260 1735 3382
3383 1281 1395 3383
3384 1506 2213 3384
3385 1217 1227 3385
3386 1269 1714 3386
3387 1271 1358 3387
3388 1512 2597 3388
3389 1473 2038 3389
3390 1506 1619 3390
3391 1505 2791 3391
3392 1278 2690 3392
3393 1470 1990 3393
3394 1475 2007 3394
3395 1281 1829 3395
3396 1211 2610 3396
3397 1216 2204 3397
3398 1496 2669 3398
3399 1957 1867 3399
3400 1520 1745 3400
3401 1283 1819 3401
3402 1953 2779 3402
3403 1293 2201 3403
3404 1971 1523 3404
3405 1271 1371 3405
3406 1514 2065 3406
3407 1509 1329 3407
3408 1473 1808 3408
3409 1501 1568 3409
3410 1475 1578 3410
3411 1486 2546 3411
3412 1486 2789 3412
3413 1948 2417 3413
3414 1470 2225 3414
3415 1940 1747 3415
3416 1488 1666 3416
3417 1506 2737 3417
3418 1514 1728 3418
3419 1497 1700 3419
3420 1950 2569 3420
3421 1924 1983 3421
3422 1505 1633 3422
3423 1940 2494 3423
3424 1470 2111 3424
3425 1949 2102 3425
3426 1950 2570 3426
3427 1500 1631 3427
3428 1500 2100 3428
3429 1940 2166 3429
3430 1950 2008 3430
3431 1470 2111 3431
3432 1961 2487 3432
3433 1971 2392 3433
3434 1492 2112 3434
3435 1478 2176 3435
3436 1493 2479 3436
3437 1953 2713 3437
3438 1951 2326 3438
3439 1951 2677 3439
3440 1271 1359 3440
3441 1261 1301 3441
3442 41 680 3442
3443 1514 2491 3443
3444 1259 2105 3444
3445 68 401 3445
3446 1259 1389 3446
3447 51 225 3447
3448 1278 1308 3448
3449 1265 1866 3449
3450 57 573 3450
3451 51 336 3451
3452 1484 1732 3452
3453 42 375 3453
3454 55 445 3454
3455 41 312 3455
3456 1214 1823 3456
3457 1296 2194 3457
3458 42 1046 3458
3459 61 984 3459
3460 1271 1761 3460
3461 50 234 3461
3462 1275 1765 3462
3463 1270 606 3463
3464 46 1357 3464
3465 52 1407 3465
3466 1282 581 3466
3467 65 366 3467
3468 1262 242 3468
3469 69 1437 3469
3470 1263 2186 3470
3471 69 417 3471
3472 41 233 3472
3473 1216 2433 3473
3474 1280 404 3474
3475 1274 417 3475
3476 1262 2372 3476
3477 1968 1665 3477
3478 44 2138 3478
3479 63 443 3479
3480 41 547 3480
3481 1272 1825 3481
3482 51 858 3482
3483 1937 2793 3483
3484 1473 2574 3484
3485 1925 1527 3485
3486 1923 2265 3486
3487 1961 2637 3487
3488 1956 2337 3488
3489 1278 1545 3489
3490 1948 2110 3490
3491 1513 2507 3491
3492 1963 2013 3492
3493 1488 1313 3493
3494 1961 2637 3494
3495 1963 2621 3495
3496 1485 1736 3496
3497 1963 2022 3497
3498 1487 2512 3498
3499 1963 2221 3499
3500 1948 2003 3500
3501 1475 2056 3501
3502 1471 2245 3502
3503 1943 2219 3503
3504 1471 2334 3504
3505 1475 1987 3505
3506 1260 1796 3506
3507 1923 2191 3507
3508 1947 2220 3508
3509 1497 2593 3509
3510 1492 2468 3510
3511 1476 1850 3511
3512 1293 1635 3512
3513 1266 2622 3513
3514 1514 1549 3514
3515 1931 2543 3515
3516 1475 1760 3516
3517 1475 2007 3517
3518 1276 388 3518
3519 1500 2190 3519
3520 1293 2319 3520
3521 1956 2085 3521
3522 1473 1313 3522
3523 1948 2714 3523
3524 1471 2672 3524
3525 1500 1599 3525
3526 1500 2179 3526
3527 1477 2006 3527
3528 1926 2637 3528
3529 1266 1568 3529
3530 1947 2066 3530
3531 1260 1301 3531
3532 1283 2062 3532
3533 1262 2244 3533
3534 1483 2325 3534
3535 1492 2476 3535
3536 1486 2200 3536
3537 1485 2117 3537
3538 1473 2290 3538
3539 1486 2769 3539
3540 1260 2626 3540
3541 1473 2038 3541
3542 1499 2324 3542
3543 1281 0 3543
3544 1947 2543 3544
3545 1951 1656 3545
3546 1284 2698 3546
3547 1477 2364 3547
3548 1950 2604 3548
3549 1473 2303 3549
3550 1950 1579 3550
3551 1470 2386 3551
3552 1951 2217 3552
3553 1472 2322 3553
3554 1509 1524 3554
3555 1486 2602 3555
3556 1470 2756 3556
3557 1261 280 3557
3558 1266 2703 3558
3559 1956 2568 3559
3560 1270 2772 3560
3561 1471 2660 3561
3562 1947 2220 3562
3563 1470 2081 3563
3564 1935 2707 3564
3565 1490 1770 3565
3566 1485 2032 3566
3567 1500 2163 3567
3568 1473 2005 3568
3569 1950 2363 3569
3570 1260 1301 3570
3571 1951 2074 3571
3572 62 830 3572
3573 55 1768 3573
3574 44 439 3574
3575 1484 1588 3575
3576 42 566 3576
3577 50 174 3577
3578 55 251 3578
3579 1262 2702 3579
3580 58 479 3580
3581 1209 2046 3581
3582 1209 1453 3582
3583 42 477 3583
3584 1956 1373 3584
3585 1265 1636 3585
3586 57 461 3586
3587 52 794 3587
3588 45 2585 3588
3589 1213 1225 3589
3590 1271 2103 3590
3591 1214 2232 3591
3592 42 181 3592
3593 41 657 3593
3594 42 330 3594
3595 1264 2315 3595
3596 44 178 3596
3597 42 587 3597
3598 1280 1426 3598
3599 1212 305 3599
3600 1265 1592 3600
3601 1270 1417 3601
3602 50 201 3602
3603 1500 2589 3603
3604 1259 1238 3604
3605 1500 2179 3605
3606 1480 2790 3606
3607 1500 1590 3607
3608 1499 2538 3608
3609 1471 2030 3609
3610 1513 1690 3610
3611 1963 2750 3611
3612 1923 2421 3612
3613 1506 2213 3613
3614 1501 1665 3614
3615 1475 2139 3615
3616 1475 2087 3616
3617 1963 2442 3617
3618 1492 2594 3618
3619 1490 2389 3619
3620 1470 2236 3620
3621 1951 2323 3621
3622 1260 2010 3622
3623 1956 2061 3623
3624 1951 1992 3624
3625 1288 1834 3625
3626 1923 2014 3626
3627 1497 1701 3627
3628 1485 2738 3628
3629 1262 539 3629
3630 1484 1775 3630
3631 1953 2060 3631
3632 1265 1669 3632
3633 1948 2417 3633
3634 1488 2418 3634
3635 1470 2723 3635
3636 1473 2166 3636
3637 1283 2285 3637
3638 1293 2768 3638
3639 1958 1527 3639
3640 1923 1838 3640
3641 1954 2492 3641
3642 1470 2039 3642
3643 1514 2064 3643
3644 1512 1364 3644
3645 1475 2255 3645
3646 1470 1562 3646
3647 1476 2349 3647
3648 1506 2318 3648
3649 1493 2706 3649
3650 1926 2416 3650
3651 1470 1757 3651
3652 1485 1671 3652
3653 1951 2095 3653
3654 1473 2393 3654
3655 1486 2733 3655
3656 1963 2090 3656
3657 1484 1401 3657
3658 1278 1327 3658
3659 1931 2567 3659
3660 1283 1719 3660
3661 1283 2804 3661
3662 1951 2403 3662
3663 1471 1738 3663
3664 1478 1690 3664
3665 1283 1855 3665
3666 1271 1747 3666
3667 1923 2723 3667
3668 1271 2021 3668
3669 1485 2077 3669
3670 1471 2089 3670
3671 1478 2262 3671
3672 1500 2092 3672
3673 1961 2439 3673
3674 1963 1773 3674
3675 1485 2304 3675
3676 1500 1584 3676
3677 1958 2463 3677
3678 1486 2351 3678
3679 1513 1720 3679
3680 68 629 3680
3681 44 265 3681
3682 58 525 3682
3683 61 441 3683
3684 42 217 3684
3685 52 2564 3685
3686 55 526 3686
3687 78 1349 3687
3688 48 2350 3688
3689 1270 2502 3689
3690 1501 2231 3690
3691 42 508 3691
3692 68 298 3692
3693 47 1229 3693
3694 69 452 3694
3695 42 597 3695
3696 55 1247 3696
3697 1286 1791 3697
3698 1508 1302 3698
3699 1270 2772 3699
3700 41 176 3700
3701 41 653 3701
3702 45 348 3702
3703 1473 2097 3703
3704 1470 2579 3704
3705 1505 1683 3705
3706 1470 2391 3706
3707 1950 2741 3707
3708 1471 1525 3708
3709 1945 2517 3709
3710 92 2609 3710
3711 1282 2199 3711
3712 1943 2618 3712
3713 1513 1787 3713
3714 1266 1339 3714
3715 1956 2375 3715
3716 1960 1982 3716
3717 1512 2091 3717
3718 1500 1599 3718
3719 1260 2612 3719
3720 1931 2277 3720
3721 1478 2205 3721
3722 1951 2185 3722
3723 1473 2801 3723
3724 1931 2523 3724
3725 1938 2566 3725
3726 1512 2546 3726
3727 1471 2493 3727
3728 1931 2412 3728
3729 1485 2227 3729
3730 1963 2787 3730
3731 1934 2428 3731
3732 1948 2518 3732
3733 1473 2004 3733
3734 1478 2176 3734
3735 1471 2432 3735
3736 1486 2259 3736
3737 1473 2079 3737
3738 1472 2516 3738
3739 1470 2383 3739
3740 1471 2287 3740
3741 1931 2776 3741
3742 1506 1760 3742
3743 1263 1341 3743
3744 1280 2106 3744
3745 1486 2715 3745
3746 1261 2557 3746
3747 1504 2719 3747
3748 1261 2347 3748
3749 1471 2693 3749
3750 1963 2476 3750
3751 1287 2739 3751
3752 1470 2743 3752
3753 1470 2485 3753
3754 1931 1878 3754
3755 1953 2762 3755
3756 1963 2462 3756
3757 1961 2656 3757
3758 1475 1568 3758
3759 1471 1369 3759
3760 1950 2604 3760
3761 1471 2245 3761
3762 1271 1761 3762
3763 1287 2402 3763
3764 1261 1706 3764
3765 44 180 3765
3766 1477 1546 3766
3767 1269 1367 3767
3768 1508 1580 3768
3769 1259 1678 3769
3770 51 228 3770
3771 1262 2647 3771
3772 58 598 3772
3773 49 559 3773
3774 1296 2194 3774
3775 1281 1727 3775
3776 78 452 3776
3777 41 408 3777
3778 53 619 3778
3779 1275 2732 3779
3780 47 1356 3780
3781 1212 2360 3781
3782 58 287 3782
3783 1508 1580 3783
3784 68 311 3784
3785 1294 1225 3785
3786 1963 2265 3786
3787 1276 2615 3787
3788 1500 2001 3788
3789 1500 2154 3789
3790 1496 1819 3790
3791 1271 2498 3791
3792 1470 2292 3792
3793 1470 2526 3793
3794 1963 2450 3794
3795 1470 1562 3795
3796 1485 2032 3796
3797 1261 2483 3797
3798 1937 2793 3798
3799 1213 2117 3799
3800 1485 2330 3800
3801 1961 1341 3801
3802 1513 2530 3802
3803 1506 2213 3803
3804 1952 2442 3804
3805 1493 2420 3805
3806 1283 2473 3806
3807 1512 2620 3807
3808 1293 2796 3808
3809 1508 2297 3809
3810 1491 1343 3810
3811 1923 2180 3811
3812 1498 1755 3812
3813 1947 2149 3813
3814 1505 1852 3814
3815 1473 1997 3815
3816 1471 2263 3816
3817 1951 1555 3817
3818 1490 2810 3818
3819 1296 1646 3819
3820 1260 1677 3820
3821 1293 1693 3821
3822 1471 2493 3822
3823 1487 2357 3823
3824 1485 2142 3824
3825 1471 2082 3825
3826 1925 2000 3826
3827 1956 1986 3827
3828 1949 2644 3828
3829 1949 2653 3829
3830 1472 1623 3830
3831 1956 2266 3831
3832 1951 2272 3832
3833 1475 1760 3833
3834 1475 1638 3834
3835 1485 2167 3835
3836 1487 1584 3836
3837 1947 2490 3837
3838 1961 2572 3838
3839 1470 2157 3839
3840 1472 2159 3840
3841 1471 2409 3841
3842 1485 2575 3842
3843 1269 334 3843
3844 1288 1435 3844
3845 1500 2767 3845
3846 1500 2070 3846
3847 1275 2246 3847
3848 1955 2674 3848
3849 1502 1819 3849
3850 1285 2054 3850
3851 42 566 3851
3852 1495 1829 3852
3853 58 404 3853
3854 69 472 3854
3855 70 559 3855
3856 1282 581 3856
3857 52 704 3857
3858 1492 1533 3858
3859 42 388 3859
3860 55 197 3860
3861 1509 2188 3861
3862 1288 1253 3862
3863 1482 2169 3863
3864 52 218 3864
3865 1216 2777 3865
3866 42 343 3866
3867 1283 1657 3867
3868 1505 1347 3868
3869 42 692 3869
3870 1209 277 3870
3871 112 240 3871
3872 53 335 3872
3873 1293 2560 3873
3874 44 513 3874
3875 44 224 3875
3876 1261 2765 3876
3877 1262 1625 3877
3878 42 181 3878
3879 1209 1629 3879
3880 53 363 3880
3881 1272 1759 3881
3882 1925 2638 3882
3883 44 2536 3883
3884 1937 1989 3884
3885 1485 1592 3885
3886 1486 2173 3886
3887 1500 2767 3887
3888 1472 2429 3888
3889 1470 2289 3889
3890 1493 2781 3890
3891 1263 1341 3891
3892 1477 1564 3892
3893 1492 2027 3893
3894 1951 1738 3894
3895 1261 1427 3895
3896 1475 2545 3896
3897 1281 1576 3897
3898 1931 2776 3898
3899 1501 2770 3899
3900 1497 2058 3900
3901 1951 2542 3901
3902 1486 2712 3902
3903 1947 2543 3903
3904 1950 2604 3904
3905 1482 1673 3905
3906 1496 2051 3906
3907 1470 2407 3907
3908 1471 2059 3908
3909 1961 2519 3909
3910 1965 2101 3910
3911 1947 2494 3911
3912 1285 2206 3912
3913 1283 2655 3913
3914 1500 2190 3914
3915 1263 2670 3915
3916 1475 1981 3916
3917 1948 2651 3917
3918 1478 2680 3918
3919 1263 1417 3919
3920 1293 2132 3920
3921 1951 2056 3921
3922 1487 2803 3922
3923 1473 2004 3923
3924 1281 1825 3924
3925 1497 2553 3925
3926 1471 2313 3926
3927 1493 2150 3927
3928 1483 1594 3928
3929 1514 2743 3929
3930 1280 1337 3930
3931 1278 2460 3931
3932 1293 2581 3932
3933 1216 1421 3933
3934 1499 2601 3934
3935 74 2399 3935
3936 58 388 3936
3937 1963 2546 3937
3938 42 932 3938
3939 1513 1632 3939
3940 1259 2105 3940
3941 1504 1699 3941
3942 1508 1698 3942
3943 1292 2400 3943
3944 42 218 3944
3945 1484 2782 3945
3946 42 420 3946
3947 68 212 3947
3948 1212 1812 3948
3949 1470 1772 3949
3950 1470 2383 3950
3951 1285 2206 3951
3952 1951 1582 3952
3953 1270 1756 3953
3954 1471 2240 3954
3955 1951 2084 3955
3956 1285 1867 3956
3957 1471 2228 3957
3958 1499 2432 3958
3959 1506 2213 3959
3960 1261 280 3960
3961 1956 2215 3961
3962 1963 2700 3962
3963 1487 2641 3963
3964 1948 2417 3964
3965 1962 1316 3965
3966 1285 2135 3966
3967 1953 2663 3967
3968 1488 1666 3968
3969 1495 2035 3969
3970 1950 2457 3970
3971 1947 2087 3971
3972 1955 2281 3972
3973 1940 2710 3973
3974 1473 2183 3974
3975 1500 2406 3975
3976 1961 2724 3976
3977 1475 1708 3977
3978 1485 1592 3978
3979 1943 2473 3979
3980 1475 2235 3980
3981 1470 2386 3981
3982 1472 2047 3982
3983 1500 1766 3983
3984 1968 1665 3984
3985 1266 2688 3985
3986 1514 2401 3986
3987 41 367 3987
3988 1504 2719 3988
3989 52 1680 3989
3990 1493 2560 3990
3991 70 2754 3991
3992 42 537 3992
3993 1505 1598 3993
3994 1278 2113 3994
3995 56 284 3995
3996 52 1303 3996
3997 1296 1560 3997
3998 68 592 3998
3999 1286 2725 3999
4000 1283 1575 4000
4001 61 223 4001
4002 42 939 4002
4003 1269 2396 4003
4004 53 2614 4004
4005 51 192 4005
4006 42 932 4006
4007 1477 2254 4007
4008 1501 1740 4008
4009 1470 1990 4009
4010 1938 2129 4010
4011 1489 1373 4011
4012 1293 1367 4012
4013 1511 1914 4013
4014 1500 1778 4014
4015 1479 347 4015
4016 1505 1781 4016
4017 1958 2150 4017
4018 1475 1987 4018
4019 1952 2794 4019
4020 1961 2413 4020
4021 1953 2510 4021
4022 1947 2108 4022
4023 1500 2179 4023
4024 1471 2447 4024
4025 1271 2086 4025
4026 1963 2562 4026
4027 1963 2202 4027
4028 1477 2479 4028
4029 1471 2258 4029
4030 1950 2654 4030
4031 1471 2496 4031
4032 1217 2299 4032
4033 1470 2370 4033
4034 1476 2369 4034
4035 1471 2759 4035
4036 1485 2552 4036
4037 1281 2115 4037
4038 1276 2167 4038
4039 1471 1684 4039
4040 1947 2692 4040
4041 1271 2622 4041
4042 1471 2228 4042
4043 1961 2251 4043
4044 1950 2031 4044
4045 1953 2016 4045
4046 1924 2213 4046
4047 1951 1656 4047
4048 1947 1523 4048
4049 1969 2059 4049
4050 1942 2573 4050
4051 1262 799 4051
4052 1471 2289 4052
4053 1470 1757 4053
4054 1470 2331 4054
4055 1293 1553 4055
4056 57 495 4056
4057 1211 2760 4057
4058 57 584 4058
4059 69 1380 4059
4060 1510 1672 4060
4061 1288 634 4061
4062 51 336 4062
4063 1259 1896 4063
4064 1491 2045 4064
4065 1261 2556 4065
4066 1275 2124 4066
4067 1275 1312 4067
4068 44 2558 4068
4069 41 700 4069
4070 42 747 4070
4071 1266 1589 4071
4072 51 225 4072
4073 46 2122 4073
4074 42 613 4074
4075 41 700 4075
4076 1475 2459 4076
4077 1965 2398 4077
4078 1473 2072 4078
4079 1961 1566 4079
4080 1509 1880 4080
4081 1926 2096 4081
4082 1266 2186 4082
4083 1486 2174 4083
4084 1470 2717 4084
4085 1500 2633 4085
4086 1475 2279 4086
4087 1493 1719 4087
4088 1956 2337 4088
4089 1970 2375 4089
4090 1923 2210 4090
4091 1485 2203 4091
4092 1298 966 4092
4093 1293 2539 4093
4094 1963 2452 4094
4095 1485 2317 4095
4096 1948 2020 4096
4097 1489 2233 4097
4098 1260 1735 4098
4099 1481 2675 4099
4100 1470 2279 4100
4101 1471 2590 4101
4102 1957 1569 4102
4103 1484 2740 4103
4104 1923 2448 4104
4105 1496 1859 4105
4106 1487 1527 4106
4107 1485 2764 4107
4108 1470 2407 4108
4109 1470 2408 4109
4110 1500 2147 4110
4111 1478 2538 4111
4112 1485 2023 4112
4113 1471 2228 4113
4114 1497 2102 4114
4115 1472 2474 4115
4116 1499 2538 4116
4117 1476 2465 4117
4118 1295 2500 4118
4119 1276 1316 4119
4120 61 485 4120
4121 1271 2379 4121
4122 52 2616 4122
4123 1293 2809 4123
4124 1262 2042 4124
4125 52 1575 4125
4126 45 284 4126
4127 55 2048 4127
4128 1262 2702 4128
4129 51 370 4129
4130 45 799 4130
4131 52 1256 4131
4132 45 348 4132
4133 53 1718 4133
4134 1280 2098 4134
4135 62 331 4135
4136 47 497 4136
4137 1470 1988 4137
4138 1293 2667 4138
4139 1500 2298 4139
4140 1516 1613 4140
4141 1478 2334 4141
4142 1498 1579 4142
4143 1956 1747 4143
4144 1963 1897 4144
4145 1952 2211 4145
4146 1497 1648 4146
4147 1491 2601 4147
4148 1470 2600 4148
4149 1956 2345 4149
4150 1924 2284 4150
4151 1963 2747 4151
4152 1956 2083 4152
4153 1514 2177 4153
4154 1923 1995 4154
4155 1952 2405 4155
4156 1951 2217 4156
4157 1471 2356 4157
4158 1500 2222 4158
4159 1956 2736 4159
4160 1485 2451 4160
4161 1958 1527 4161
4162 1926 2162 4162
4163 1294 1610 4163
4164 1499 2057 4164
4165 1485 2598 4165
4166 1214 2052 4166
4167 1501 2358 4167
4168 1964 2179 4168
4169 1470 2528 4169
4170 1493 1719 4170
4171 1509 1860 4171
4172 1947 1606 4172
4173 1470 2579 4173
4174 1953 2136 4174
4175 1475 2033 4175
4176 1477 2065 4176
4177 52 2388 4177
4178 1281 2140 4178
4179 44 271 4179
4180 1281 1316 4180
4181 56 637 4181
4182 58 282 4182
4183 1283 1586 4183
4184 41 174 4184
4185 1261 2012 4185
4186 1278 199 4186
4187 1273 2037 4187
4188 42 686 4188
4189 64 2128 4189
4190 51 189 4190
4191 69 472 4191
4192 78 1714 4192
4193 54 1252 4193
4194 1477 2631 4194
4195 1217 2629 4195
4196 1261 2755 4196
4197 53 704 4197
4198 41 673 4198
4199 1484 2119 4199
4200 1948 2020 4200
4201 1472 2605 4201
4202 1963 2700 4202
4203 1493 2029 4203
4204 1924 1979 4204
4205 1963 2562 4205
4206 1209 533 4206
4207 1470 2748 4207
4208 1509 2116 4208
4209 1471 2551 4209
4210 1953 2414 4210
4211 1483 1733 4211
4212 1500 2709 4212
4213 1951 1561 4213
4214 1962 2316 4214
4215 1288 2120 4215
4216 1292 2505 4216
4217 1470 2158 4217
4218 1961 2519 4218
4219 1485 2142 4219
4220 1505 1564 4220
4221 1951 2338 4221
4222 1283 2704 4222
4223 1922 2635 4223
4224 1514 2531 4224
4225 1470 2748 4225
4226 1473 2072 4226
4227 1489 2670 4227
4228 1953 2780 4228
4229 1953 2510 4229
4230 1281 1782 4230
4231 1500 2701 4231
4232 1500 2163 4232
4233 1275 1348 4233
4234 1484 2223 4234
4235 1505 1223 4235
4236 1487 1612 4236
4237 1505 2575 4237
4238 1276 1468 4238
4239 58 459 4239
4240 44 893 4240
4241 1278 2201 4241
4242 51 882 4242
4243 1216 645 4243
4244 51 2728 4244
4245 1477 2043 4245
4246 1265 1992 4246
4247 61 1391 4247
4248 1484 2192 4248
4249 58 459 4249
4250 47 349 4250
4251 58 1349 4251
4252 1209 1891 4252
4253 1212 2130 4253
4254 1951 1992 4254
4255 1956 2409 4255
4256 1471 2544 4256
4257 1470 1990 4257
4258 1965 1369 4258
4259 1475 1987 4259
4260 1283 2461 4260
4261 1940 1984 4261
4262 1478 2622 4262
4263 1950 2282 4263
4264 1487 1584 4264
4265 1500 1766 4265
4266 1472 2744 4266
4267 1953 2284 4267
4268 1508 1999 4268
4269 1263 1399 4269
4270 1471 2812 4270
4271 1500 2133 4271
4272 1475 2007 4272
4273 1500 2799 4273
4274 1217 1446 4274
4275 1281 2662 4275
4276 1282 581 4276
4277 1519 1228 4277
4278 1266 2250 4278
4279 68 561 4279
4280 42 402 4280
4281 53 2632 4281
4282 1501 1326 4282
4283 58 1025 4283
4284 52 1637 4284
4285 1283 2285 4285
4286 1958 2699 4286
4287 1470 2438 4287
4288 1470 2525 4288
4289 1946 2456 4289
4290 1489 2278 4290
4291 1511 2694 4291
4292 1496 1819 4292
4293 1961 2724 4293
4294 1470 1996 4294
4295 1485 2009 4295
4296 1500 2701 4296
4297 1475 2255 4297
4298 1214 1346 4298
4299 1953 2344 4299
4300 1470 1650 4300
4301 1965 2041 4301
4302 1472 2268 4302
4303 1470 2370 4303
4304 1265 1569 4304
4305 1947 2288 4305
4306 1476 1341 4306
4307 1470 2155 4307
4308 1931 2057 4308
4309 1957 2328 4309
4310 1951 2469 4310
4311 1500 1599 4311
4312 1953 2218 4312
4313 1285 2098 4313
4314 57 458 4314
4315 1277 2130 4315
4316 42 313 4316
4317 1270 2148 4317
4318 68 285 4318
4319 1214 1823 4319
4320 1288 739 4320
4321 55 1223 4321
4322 52 2684 4322
4323 1282 1794 4323
4324 93 1396 4324
4325 1484 2751 4325
4326 1500 2163 4326
4327 1470 2745 4327
4328 1513 2467 4328
4329 1266 1568 4329
4330 1473 1973 4330
4331 1494 2152 4331
4332 51 2458 4332
4333 1470 2387 4333
4334 1937 2209 4334
4335 1963 2691 4335
4336 1956 2708 4336
4337 1947 2368 4337
4338 1281 2477 4338
4339 1500 2180 4339
4340 1951 2326 4340
4341 1470 1988 4341
4342 1947 1846 4342
4343 1471 2608 4343
4344 1276 1778 4344
4345 1486 2093 4345
4346 1470 2522 4346
4347 1489 2596 4347
4348 1471 2672 4348
4349 1513 1661 4349
4350 1269 1367 4350
4351 42 692 4351
4352 58 1085 4352
4353 68 644 4353
4354 51 203 4354
4355 78 246 4355
4356 64 383 4356
4357 50 2734 4357
4358 43 497 4358
4359 61 2729 4359
4360 1521 1649 4360
4361 1214 1224 4361
4362 1514 1859 4362
4363 57 384 4363
4364 1293 2758 4364
4365 1269 509 4365
4366 69 1380 4366
4367 1471 1369 4367
4368 1940 1984 4368
4369 1514 2617 4369
4370 1490 1312 4370
4371 1483 1605 4371
4372 1478 2618 4372
4373 1963 2170 4373
4374 1473 2073 4374
4375 1293 2320 4375
4376 1472 2390 4376
4377 1471 1998 4377
4378 1500 2154 4378
4379 1951 2264 4379
4380 1473 2652 4380
4381 1470 2620 4381
4382 1922 1991 4382
4383 1271 2107 4383
4384 1484 2671 4384
4385 1477 404 4385
4386 43 484 4386
4387 57 606 4387
4388 44 893 4388
4389 53 605 4389
4390 1292 2400 4390
4391 1259 1405 4391
4392 41 370 4392
4393 1215 1327 4393
4394 1213 214 4394
4395 1268 1692 4395
4396 47 497 4396
4397 1963 2563 4397
4398 1501 2726 4398
4399 1938 1780 4399
4400 1961 2586 4400
4401 1943 2618 4401
4402 1497 2058 4402
4403 1500 2507 4403
4404 1484 2671 4404
4405 1961 2413 4405
4406 1938 1780 4406
4407 1923 2287 4407
4408 1965 2224 4408
4409 83 1797 4409
4410 1475 2489 4410
4411 1472 2425 4411
4412 1276 1468 4412
4413 41 417 4413
4414 42 0 4414
4415 42 328 4415
4416 56 241 4416
4417 41 700 4417
4418 1217 1530 4418
4419 57 298 4419
4420 1923 2180 4420
4421 1475 2583 4421
4422 1484 1656 4422
4423 1475 2311 4423
4424 1293 2768 4424
4425 1936 2245 4425
4426 1953 2766 4426
4427 1473 2241 4427
4428 1471 1993 4428
4429 1473 2504 4429
4430 1485 2642 4430
4431 1500 2222 4431
4432 1475 2280 4432
4433 1263 2624 4433
4434 1951 2234 4434
4435 1512 1327 4435
4436 1470 2067 4436
4437 1476 2137 4437
4438 1267 414 4438
4439 1475 2571 4439
4440 1470 2274 4440
4441 1287 2476 4441
4442 68 188 4442
4443 1280 861 4443
4444 41 690 4444
4445 1296 1339 4445
4446 93 1854 4446
4447 1508 2181 4447
4448 47 1707 4448
4449 1273 1343 4449
4450 1963 2442 4450
4451 1943 2153 4451
4452 1216 2376 4452
4453 1475 2311 4453
4454 1478 2312 4454
4455 1473 1977 4455
4456 1489 2088 4456
4457 1486 2013 4457
4458 1969 1803 4458
4459 1962 2384 4459
4460 1953 2731 4460
4461 1472 2397 4461
4462 1477 2398 4462
4463 44 1226 4463
4464 1266 1796 4464
4465 55 1801 4465
4466 1509 2355 4466
4467 51 1424 4467
4468 1491 1897 4468
4469 52 2584 4469
4470 53 714 4470
4471 1265 2241 4471
4472 1280 1980 4472
4473 1477 2254 4473
4474 58 559 4474
4475 1470 2756 4475
4476 1952 2442 4476
4477 1512 2160 4477
4478 1493 2535 4478
4479 1475 2642 4479
4480 1956 1373 4480
4481 1500 2063 4481
4482 1959 2244 4482
4483 1940 2366 4483
4484 1950 2455 4484
4485 1293 2341 4485
4486 1271 2682 4486
4487 1484 2040 4487
4488 42 484 4488
4489 1505 1532 4489
4490 1219 2784 4490
4491 68 476 4491
4492 68 644 4492
4493 44 1564 4493
4494 1507 2531 4494
4495 1506 1619 4495
4496 1923 2294 4496
4497 1965 2415 4497
4498 1500 2100 4498
4499 1478 2498 4499
4500 1940 2593 4500
4501 1477 2501 4501
4502 1963 2555 4502
4503 1953 2131 4503
4504 1926 2155 4504
4505 58 559 4505
4506 1270 2601 4506
4507 1505 2131 4507
4508 1470 2550 4508
4509 1470 1988 4509
4510 1512 2196 4510
4511 1951 1544 4511
4512 1948 2325 4512
4513 1470 2044 4513
4514 1961 2454 4514
4515 1500 2633 4515
4516 1950 2604 4516
4517 1958 1527 4517
4518 1478 2606 4518
4519 1290 2175 4519
4520 1209 2182 4520
4521 52 359 4521
4522 62 481 4522
4523 44 2353 4523
4524 55 1715 4524
4525 43 608 4525
4526 42 217 4526
4527 1210 1547 4527
4528 1219 497 4528
4529 1280 2795 4529
4530 1957 1614 4530
4531 1954 2492 4531
4532 1935 2310 4532
4533 1471 2441 4533
4534 1476 2397 4534
4535 1956 2708 4535
4536 1470 2503 4536
4537 1951 2161 4537
4538 1475 1758 4538
4539 1486 2089 4539
4540 1486 1999 4540
4541 53 885 4541
4542 1482 2377 4542
4543 1275 2246 4543
4544 51 589 4544
4545 41 370 4545
4546 53 190 4546
4547 1295 1873 4547
4548 1947 2220 4548
4549 1485 2167 4549
4550 1487 2141 4550
4551 1213 314 4551
4552 1491 2661 4552
4553 1959 1738 4553
4554 1494 1592 4554
4555 1506 1985 4555
4556 1951 1336 4556
4557 1292 1681 4557
4558 1470 2484 4558
4559 1506 2213 4559
4560 1487 1659 4560
4561 42 431 4561
4562 1266 2687 4562
4563 1264 278 4563
4564 1263 2242 4564
4565 1486 2705 4565
4566 1956 2409 4566
4567 1484 2394 4567
4568 1951 2333 4568
4569 1475 2352 4569
4570 1514 2028 4570
4571 1970 2222 4571
4572 1951 2800 4572
4573 1494 2208 4573
4574 1298 171 4574
4575 1281 2580 4575
4576 42 1150 4576
4577 1295 1534 4577
4578 1259 2529 4578
4579 1283 1351 4579
4580 1514 2540 4580
4581 1500 2222 4581
4582 1470 2553 4582
4583 1475 2583 4583
4584 1485 2018 4584
4585 1471 2359 4585
4586 1470 2526 4586
4587 1508 1756 4587
4588 1281 1807 4588
4589 51 1397 4589
4590 68 621 4590
4591 1281 2640 4591
4592 1505 2434 4592
4593 1213 1845 4593
4594 1473 2623 4594
4595 1494 2208 4595
4596 1958 2361 4596
4597 1943 2749 4597
4598 1923 2156 4598
4599 1471 2660 4599
4600 51 1408 4600
4601 1477 2257 4601
4602 1261 2249 4602
4603 57 259 4603
4604 57 765 4604
4605 44 2171 4605
4606 52 1901 4606
4607 58 279 4607
4608 1276 1701 4608
4609 1263 1632 4609
4610 1938 2283 4610
4611 1961 2127 4611
4612 1940 2636 4612
4613 1951 2469 4613
4614 1484 1372 4614
4615 1285 1432 4615
4616 1484 2782 4616
4617 1214 2382 4617
4618 55 1366 4618
4619 1269 2121 4619
4620 1294 2624 4620
4621 54 1322 4621
4622 1270 2472 4622
4623 1508 1853 4623
4624 1931 2567 4624
4625 1501 1678 4625
4626 1470 2484 4626
4627 1475 2514 4627
4628 1951 2469 4628
4629 1956 2375 4629
4630 1475 1758 4630
4631 1280 2679 4631
4632 1938 2129 4632
4633 1471 1590 4633
4634 1475 2514 4634
4635 1950 2410 4635
4636 1513 1566 4636
4637 1486 2548 4637
4638 1499 2385 4638
4639 1512 2075 4639
4640 1470 2766 4640
4641 42 828 4641
4642 1491 1360 4642
4643 1484 2343 4643
4644 121 181 4644
4645 61 1064 4645
4646 1475 2033 4646
4647 1475 2352 4647
4648 1293 452 4648
4649 1266 2658 4649
4650 58 597 4650
4651 1963 2546 4651
4652 1490 1343 4652
4653 1472 2267 4653
4654 1923 2723 4654
4655 1470 1990 4655
4656 1953 2016 4656
4657 1955 1854 4657
4658 1951 2395 4658
4659 1514 2034 4659
4660 1925 2665 4660
4661 72 2480 4661
4662 42 630 4662
4663 1217 2599 4663
4664 1478 2126 4664
4665 1470 2484 4665
4666 1471 2049 4666
4667 1472 1546 4667
4668 57 368 4668
4669 93 1825 4669
4670 68 188 4670
4671 1482 2443 4671
4672 53 627 4672
4673 1512 1998 4673
4674 1483 2444 4674
4675 1271 1760 4675
4676 1485 2549 4676
4677 1475 1333 4677
4678 48 439 4678
4679 1259 2105 4679
4680 1950 2373 4680
4681 1276 1405 4681
4682 51 858 4682
4683 1951 1336 4683
4684 1283 1755 4684
4685 1471 2245 4685
4686 42 597 4686
4687 1282 1794 4687
4688 48 478 4688
4689 1953 2562 4689
4690 1470 2506 4690
4691 1923 1992 4691
4692 1260 1895 4692
4693 1281 1224 4693
4694 1961 2413 4694
4695 1506 2213 4695
4696 1489 2380 4696
4697 51 1358 4697
4698 1271 2404 4698
4699 1470 2039 4699
4700 1964 2430 4700
4701 1293 1810 4701
4702 1475 2547 4702
4703 1963 2301 4703
4704 1500 2666 4704
4705 1475 2237 4705
4706 1473 2478 4706
4707 1486 2814 4707
4708 1509 2188 4708
4709 1273 1411 4709
4710 68 828 4710
4711 1296 1744 4711
4712 42 507 4712
4713 57 278 4713
4714 47 211 4714
4715 1470 2146 4715
4716 1471 2001 4716
4717 1281 1576 4717
4718 1931 2277 4718
4719 69 647 4719
4720 1486 2603 4720
4721 42 221 4721
4722 1950 1584 4722
4723 57 392 4723
4724 1270 2305 4724
4725 1259 2335 4725
4726 1284 2262 4726
4727 1477 1728 4727
4728 1485 2575 4728
4729 1478 2538 4729
4730 1500 2125 4730
4731 1923 2287 4731
4732 1287 2561 4732
4733 1484 2203 4733
4734 1951 2808 4734
4735 1956 2164 4735
4736 1471 2049 4736
4737 1514 2027 4737
4738 1963 2678 4738
4739 1969 2657 4739
4740 1478 1547 4740
4741 1936 1976 4741
4742 1923 2265 4742
4743 1963 2747 4743
4744 1941 2050 4744
4745 1470 2764 4745
4746 1498 2628 4746
4747 58 286 4747
4748 1943 1977 4748
4749 1951 2184 4749
4750 69 748 4750
4751 1484 2192 4751
4752 1287 2771 4752
4753 42 0 4753
4754 1493 2659 4754
4755 1925 2673 4755
4756 1948 2746 4756
4757 1509 2116 4757
4758 1497 1651 4758
4759 1505 1327 4759
4760 1484 2575 4760
4761 1497 2587 4761
4762 1283 1619 4762
4763 55 949 4763
4764 1505 1327 4764
4765 1949 1974 4765
4766 57 691 4766
4767 68 476 4767
4768 1491 2362 4768
4769 57 217 4769
4770 1283 1755 4770
4771 1262 1591 4771
4772 1514 1549 4772
4773 58 202 4773
4774 1283 2473 4774
4775 1972 2807 4775
4776 58 224 4776
4777 1953 2096 4777
4778 47 2513 4778
4779 1471 2544 4779
4780 1489 2367 4780
4781 1261 2483 4781
4782 1504 2491 4782
4783 1471 2089 4783
4784 1963 2763 4784
4785 49 797 4785
4786 72 752 4786
4787 57 277 4787
4788 1506 1619 4788
4789 1500 2435 4789
4790 1293 1352 4790
4791 1503 1873 4791
4792 1508 1747 4792
4793 1963 1897 4793
4794 1486 2329 4794
4795 57 456 4795
4796 1492 1360 4796
4797 1947 2239 4797
4798 1503 2067 4798
4799 1478 2811 4799
4800 1963 2340 4800
4801 1483 2444 4801
4802 1283 2704 4802
4803 1482 482 4803
4804 1959 2252 4804
4805 1948 2431 4805
4806 44 1837 4806
4807 1939 2195 4807
4808 1940 2187 4808
4809 57 588 4809
4810 44 1567 4810
4811 1477 2043 4811
4812 1963 2340 4812
4813 1492 2445 4813
4814 51 252 4814
4815 1475 2592 4815
4816 1950 1975 4816
4817 45 1621 4817
4818 1925 1994 4818
4819 1271 2481 4819
4820 1470 2522 4820
4821 1259 2778 4821
4822 1475 1739 4822
4823 42 932 4823
4824 1506 2792 4824
4825 1508 2753 4825
4826 57 284 4826
4827 1495 2129 4827
4828 44 0 4828
4829 1274 1654 4829
4830 1477 2697 4830
4831 1476 1441 4831
4832 1961 2127 4832
4833 68 759 4833
4834 1292 2718 4834
4835 1950 1778 4835
4836 1213 2686 4836
4837 1951 2339 4837
4838 1953 2576 4838
4839 1489 2321 4839
4840 1961 2637 4840
4841 1472 2541 4841
4842 41 367 4842
4843 1260 2253 4843
4844 1271 1814 4844
4845 1930 2542 4845
4846 1942 2456 4846
4847 2832 4407 4847
4848 2855 3097 4848
4849 2827 2200 4849
4850 2842 4290 4850
4851 2843 4289 4851
4852 2841 3493 4852
4853 1935 2223 4853
4854 2837 3901 4854
4855 2830 2179 4855
4856 1946 2787 4856
4857 1935 2884 4857
4858 2845 3243 4858
4859 2845 3227 4859
4860 1965 1657 4860
4861 1934 2713 4861
4862 1922 2548 4862
4863 2865 2256 4863
4864 2815 1566 4864
4865 1929 3366 4865
4866 2828 3722 4866
4867 2839 4026 4867
4868 2821 2724 4868
4869 2828 3584 4869
4870 1970 2222 4870
4871 2829 3376 4871
4872 2848 3973 4872
4873 1923 3214 4873
4874 2834 4346 4874
4875 2851 1523 4875
4876 2819 4165 4876
4877 1928 3083 4877
4878 2843 3837 4878
4879 1936 2988 4879
4880 1927 3226 4880
4881 1939 2444 4881
4882 1931 2952 4882
4883 1937 4813 4883
4884 2833 4673 4884
4885 2850 4333 4885
4886 2825 2057 4886
4887 2838 3492 4887
4888 1928 1699 4888
4889 1927 3795 4889
4890 2837 3841 4890
4891 2832 2085 4891
4892 2816 2220 4892
4893 2848 3086 4893
4894 2842 4084 4894
4895 2824 4480 4895
4896 2873 3764 4896
4897 1935 2361 4897
4898 2817 3623 4898
4899 2824 4401 4899
4900 1928 3651 4900
4901 2834 3488 4901
4902 2835 3618 4902
4903 2841 4633 4903
4904 1485 1821 4904
4905 2816 3723 4905
4906 2819 3671 4906
4907 2857 4637 4907
4908 2839 4045 4908
4909 2833 4208 4909
4910 1215 0 4910
4911 2829 1369 4911
4912 2824 1566 4912
4913 2846 2927 4913
4914 2844 3291 4914
4915 2848 3342 4915
4916 1297 229 4916
4917 1272 4177 4917
4918 1928 4300 4918
4919 1952 3406 4919
4920 1949 4564 4920
4921 1505 2295 4921
4922 2827 3964 4922
4923 2853 4718 4923
4924 1963 2065 4924
4925 1924 4120 4925
4926 1961 3374 4926
4927 1949 2485 4927
4928 1216 3593 4928
4929 2844 4497 4929
4930 1963 2475 4930
4931 2846 4169 4931
4932 55 1342 4932
4933 1495 1412 4933
4934 2824 3393 4934
4935 2816 3734 4935
4936 2833 3128 4936
4937 1928 3757 4937
4938 1938 1735 4938
4939 2815 3949 4939
4940 1472 3069 4940
4941 1929 4105 4941
4942 1961 2324 4942
4943 1922 2635 4943
4944 2832 3914 4944
4945 1938 2318 4945
4946 2845 2566 4946
4947 1970 3373 4947
4948 1965 1555 4948
4949 1946 3360 4949
4950 1471 1544 4950
4951 2816 4484 4951
4952 2815 3621 4952
4953 1965 2159 4953
4954 1923 2723 4954
4955 2848 3503 4955
4956 1509 1739 4956
4957 1966 3899 4957
4958 2842 3224 4958
4959 1935 4476 4959
4960 1473 4119 4960
4961 2848 3408 4961
4962 2819 3803 4962
4963 1958 3984 4963
4964 1947 2692 4964
4965 1486 1752 4965
4966 1958 4277 4966
4967 1936 2524 4967
4968 1961 2637 4968
4969 1961 3920 4969
4970 1932 4410 4970
4971 1943 4091 4971
4972 2828 4148 4972
4973 2843 4018 4973
4974 1953 2156 4974
4975 1933 3920 4975
4976 1929 3978 4976
4977 1945 2372 4977
4978 2816 3109 4978
4979 1960 1982 4979
4980 1486 3529 4980
4981 1940 3755 4981
4982 1953 4134 4982
4983 1957 2955 4983
4984 1927 3766 4984
4985 2821 3887 4985
4986 2821 4273 4986
4987 1936 3660 4987
4988 2835 4516 4988
4989 1489 2349 4989
4990 1473 2491 4990
4991 1942 2573 4991
4992 1940 2604 4992
4993 1493 4591 4993
4994 1944 3382 4994
4995 1962 1376 4995
4996 2835 2982 4996
4997 1946 4122 4997
4998 1513 3030 4998
4999 2843 4425 4999
5000 2839 3717 5000
