2535990 9699747 0 0
2535991 9699648 0 0
2535993 9679879 2535991 0
2535999 9679881 10954858 0
2536004 9679774 2535999 0
2536007 9679513 0 0
2536008 9679451 0 0
2536010 0 0 0
2536017 9678431 0 0
2536025 9679202 0 0
2536026 9679202 0 0
2536030 9679202 2536008 0
2536031 9679991 0 0
2536033 9679306 -11 0
2536040 0 0 0
2536041 9679996 0 0
2536043 9679589 0 0
2536048 0 9650648 0
2536054 9679311 0 0
2536056 9679210 2536030 0
2536064 9679460 0 0
2536068 9679742 2536054 0
2536070 9679221 9650698 0
2536072 9679202 2536064 0
2536075 9679994 0 0
2536087 9679691 9706444 0
2536090 9679118 9706431 0
2536101 9679221 9700762 0
2536108 9679121 2536090 0
2536110 9679272 2536087 0
2536114 9679125 0 0
2536122 9679133 2536068 0
2536128 9679121 2536072 0
2613465 9666921 -11 0
2613502 9667463 2613465 0
2613546 9678727 2613502 0
2613618 9678716 2613546 0
2613648 9678650 2613546 0
2660477 9667383 -11 0
2660503 9667628 9519651 0
2660557 9678500 2660477 0
2660588 9667808 2660503 0
2660653 9678609 2660588 0
2660683 9678650 2660557 0
2660716 9678650 2660557 0
2769266 9667794 2769498 0
2769300 9666921 9521740 0
2769443 9678636 2769300 0
2769498 9666876 -11 0
2783312 9667138 -11 0
2783382 9668176 2783312 0
2783448 9678679 2783382 0
2787767 9678629 2787792 0
2787792 9667463 -11 0
2788126 9678716 2787767 0
2799688 9678500 2799793 0
2799793 9667222 9522235 0
2800032 9678676 2799688 0
2800033 9678676 2799688 0
2820199 9678658 2820208 0
2820208 9666908 -11 0
2820246 9678558 2820199 0
2820295 9678701 2820246 0
2820331 9678500 2820295 0
2829576 9667138 -11 0
2897725 9653389 -11 0
2897738 9653801 2897725 0
2897770 9653391 2897738 0
2898542 9679082 2899046 0
2899028 9679111 2898542 0
2899046 9656287 -11 0
3112962 9667470 -11 0
3113045 9667511 3112962 0
3142083 9652298 -11 0
3142094 9653130 -11 0
3142116 9653324 3142094 0
3142624 9678500 9705956 0
3143005 9678650 3142624 0
3162341 9651977 -11 0
3162404 -11 3162341 0
3162516 9653145 3162404 0
3175054 9652453 -11 0
3187071 9652812 9706056 0
3197234 9652166 -11 0
3197256 9652541 3197234 0
3197295 9653145 3197256 0
3217017 9653846 3217034 0
3217034 9651977 -11 0
3217174 9672922 3217017 0
3217449 9673125 3217174 0
3217451 9673125 3217174 0
3231861 9653057 -11 0
3231903 9653738 3231861 0
3231985 9654123 3231903 0
3232206 9673125 3231985 0
3249744 9653000 -11 0
3254997 9652374 -11 0
3333187 9652280 -11 0
3333221 9652453 3333187 0
3333293 9653145 3333221 0
3333382 9673899 3333293 0
3342415 9652110 -11 0
3342452 9652453 -11 0
3342521 9653145 3342452 0
3342582 9653527 3342521 0
3342652 9672645 3342582 0
3417935 9679048 -11 0
3417950 9679046 3417935 0
3417986 9679104 3417950 0
3418038 9679133 3417986 0
3419356 9654647 -11 0
3419358 9655168 -11 0
3419362 9679057 3419358 0
3419395 9679092 3419356 0
3419416 9657167 -11 0
3419423 9679104 3419362 0
3419432 9679065 3419395 0
3419466 9679133 3419416 0
3419500 9679125 3419432 0
3419571 9662336 3419423 0
3541308 9652315 -11 0
3541340 9653350 3541308 0
3541382 9654164 3541340 0
3580362 9667913 9537399 0
3580418 9678500 3580362 0
3604303 9666892 -11 0
3616501 9657366 -11 0
3616541 9658996 3616501 0
3616590 9658004 3616541 0
3616636 9679165 3616590 0
3616676 9659355 3616636 0
3670612 9657375 3670667 0
3670662 9679111 3670612 0
3670667 9656028 -11 0
3670759 9679108 3670662 0
3670811 9679116 3670662 0
3670847 9660890 3670662 0
3670901 9663715 3670759 0
3677818 9656722 -11 0
3678438 9679116 3677818 0
3679215 9679111 3678438 0
3760564 9678494 9540823 0
3760657 9667957 3760564 0
3760733 9678569 3760657 0
3760883 9678650 3760733 0
3760884 9678650 3760733 0
3760885 9678650 3760733 0
3789551 9655168 -11 0
3789649 9657167 3789551 0
3789741 9659147 3789649 0
3825174 9653185 0 0
3901844 9655378 -11 0
3913341 9656731 -11 0
3913402 9659479 3913341 0
3913481 9662336 3913402 0
3913536 9659147 3913481 0
4016059 9655378 -11 0
4016082 9657167 4016059 0
4016131 9662336 4016082 0
4016150 9659147 4016131 0
4016204 9687187 4016150 0
4025594 9652374 -11 0
4025647 9652905 4025594 0
4025687 9653014 4025647 0
4032894 9652731 -11 0
4033000 9653391 4032894 0
4033107 9673007 4033000 0
4039107 9652538 0 0
4244343 9679062 -11 0
4244402 9657791 4244343 0
4244546 9662339 4244402 0
4244597 9664829 4244546 0
4272198 9678487 -11 0
4359606 9679084 -11 0
4359613 9679084 -11 0
4359642 9679092 4359613 0
4359715 9679116 4359642 0
4359717 9679133 4359606 0
4359813 9659461 4359717 0
4424073 9679065 -11 0
4424121 9658708 4424073 0
4424174 9657791 4424121 0
4424227 9659147 4424174 0
4465057 9657551 -11 0
4465136 9662340 4465057 0
4482111 9654647 -11 0
4482140 9679062 4482111 0
4482206 9679111 4482140 0
4482291 9660962 4482206 0
4482312 9662337 4465136 0
4515961 9655344 -11 0
4516023 9656722 4515961 0
4516090 9659971 4516023 0
4516196 9663715 4516090 0
4613305 9654735 -11 0
4613307 9655723 4613305 0
4614683 9655605 -11 0
4614698 9657791 4614683 0
4614734 9659133 4614698 0
4614862 9662336 4614734 0
4615080 9679092 4615130 0
4615130 9655157 -11 0
4615132 9679050 -11 0
4615268 9662337 4615080 0
4646113 9679092 0 0
4646389 9662337 4646113 0
4646623 9684186 4646389 0
4712026 9671919 0 0
4712048 0 4712026 0
4712091 9679916 4712048 0
4712161 9672262 4712091 0
4750550 9656036 -11 0
4750551 -11 4750550 0
4750563 9657551 -11 0
4750591 9655723 4750551 0
4750593 9659352 4750563 0
4750633 9657791 4750591 0
4750658 9659147 4750633 0
4750709 9684186 4424227 0
4766359 9679091 4766377 0
4766377 9655723 -11 0
4766413 9679113 4766359 0
4779653 9678487 9561892 0
4779809 9678569 4779653 0
4825566 9656673 0 0
4825581 9679121 4825566 0
4825620 9664829 4825581 0
4958767 9654632 -11 0
4958828 9679076 4958767 0
4958880 9657791 4958828 0
4983247 9658657 9565663 0
4983333 9657301 4983247 0
4983510 9662336 4983333 0
5020076 9651729 -11 0
5045219 9679093 -11 0
5045324 9679125 5045219 0
5045392 9679133 5045324 0
5045425 9679133 5045324 0
5045494 9688391 5045392 0
5097001 9667159 -11 0
5097010 9667081 -11 0
5097036 9667222 5097001 0
5097117 9678647 5097010 0
5097141 9678500 5097036 0
5097251 9678569 5097117 0
5097390 9668712 5097141 0
5097392 9668712 5097141 0
5107900 9652820 -11 0
5107960 9653683 5107900 0
5108125 9653416 5107960 0
5108203 9673899 5108125 0
5144856 9679049 -11 0
5144864 9679049 -11 0
5144884 9657056 5144856 0
5144927 9679091 5144864 0
5144935 9679125 5144884 0
5145003 9659147 5144927 0
5145103 9682387 5144935 0
5145156 9684789 5145003 0
5145158 9684789 5145003 0
5145160 9684789 5145003 0
5164261 9652248 -11 0
5229055 9651796 -11 0
5316464 9652074 -11 0
5320084 9679133 6323306 0
5353043 9667555 9572242 0
5353156 9678500 5353043 0
5401698 9658770 9701936 0
5401831 9662336 5401698 0
5410362 9666987 -11 0
5410445 9667592 5410362 0
5410511 9668039 5410445 0
5410589 9678679 5410511 0
5449599 9652112 -11 0
5669074 9657036 -11 0
5669151 9679091 5669074 0
5669268 9662336 5669151 0
5687102 9667017 -11 0
5760070 9656109 -11 0
5760193 9679111 5760070 0
5760261 9659147 5760193 0
5782679 0 5782717 0
5782713 9672049 5782679 0
5782717 9671832 -11 0
5782787 9672225 5782713 0
5858152 9675447 3342652 0
5899033 9655378 0 0
5899147 9679111 5899033 0
5928876 9655378 9582669 0
5928945 9659147 5928876 0
5944862 9659147 6158044 0
5974751 9667198 -11 0
5974818 9678500 5974751 0
6017411 9652166 -11 0
6017417 9653194 6017411 0
6017490 9653079 6017417 0
6057650 9679097 6057669 0
6057668 9654647 -11 0
6057669 9654908 6057668 0
6057710 9679116 6057650 0
6057764 9662341 6057710 0
6075583 9657403 9585919 0
6075595 9658153 -11 0
6075619 9658873 6075595 0
6075634 9658153 6075583 0
6075666 9659147 6075634 0
6075679 9663437 6075619 0
6075706 9659147 6075679 0
6075740 9684789 6075666 0
6082492 9655605 -11 0
6082541 9679123 6082492 0
6082573 9659147 6082541 0
6082599 9662340 6082573 0
6082654 9682388 6082599 0
6145376 9655713 -11 0
6145438 9657056 6145376 0
6145482 9657115 6145438 0
6145621 9659147 6145482 0
6150136 9679046 6150286 0
6150286 9679043 -11 0
6157987 9679046 -11 0
6158012 9679104 9587883 0
6158044 9679132 6158012 0
6158095 9662340 6157987 0
6158133 9659147 6158095 0
6163235 9655713 -11 0
6163248 9657403 6163235 0
6163275 9659147 6163248 0
6165768 9666510 -11 0
6199680 9655168 -11 0
6199686 9655591 6199680 0
6199753 9660094 6199686 0
6199820 9659478 6199753 0
6199869 9659147 6199820 0
6210378 9679062 -11 0
6210382 9679062 -11 0
6210418 9679123 6210378 0
6210438 9679070 6210382 0
6210459 9657791 6210418 0
6210477 9659147 6210438 0
6210495 9662337 6210418 0
6210512 9662337 6210477 0
6210595 9684186 6210495 0
6246493 9655378 6246535 0
6246516 9679111 6246493 0
6246535 9655713 -11 0
6272383 9654746 -11 0
6277294 9652905 4039107 0
6277306 9653661 6277294 0
6285161 9655378 -11 0
6285202 9658706 6285161 0
6285295 9661368 6285202 0
6287308 9678499 -11 0
6287516 9678569 6287308 0
6291291 9656265 6291331 0
6291331 9655378 -11 0
6291621 9659147 6291291 0
6313391 9679096 0 0
6313436 9679111 6313391 0
6313533 9663439 6313436 0
6323180 9656746 9591604 0
6323202 9656746 9591607 0
6323226 9657064 9591618 0
6323235 9657064 6323180 0
6323292 9659147 6323235 0
6323306 9659147 6323226 0
6323319 9659147 6323202 0
6323355 9662336 9651147 0
6325777 9667442 -11 0
6325808 9678597 6325777 0
6325844 9667957 6325808 0
6325885 9678679 6325844 0
6326561 0 9591719 0
6326582 9679084 -11 0
6326625 9679076 6326561 0
6326651 9679111 6326582 0
6326660 9679111 6326625 0
6326737 9662337 6326660 0
6326769 9682388 6326651 0
6337771 9657403 9591916 0
6337790 9657064 6337771 0
6337847 9659147 6337771 0
6337858 9659147 6337790 0
6338346 9679046 -11 0
6338356 9679065 6338346 0
6338389 9679096 9591929 0
6338413 9679111 6338389 0
6338482 9679162 6338413 0
6370820 9654908 -11 0
6370854 9657056 6370820 0
6370941 9679123 6370854 0
6370992 9659147 6370941 0
6416552 9679049 0 0
6416581 9679076 6416552 0
6416639 9679104 6416581 0
6416727 9679111 6416639 0
6416833 9662336 6416727 0
6417018 9682387 6416833 0
6417112 9687187 6417018 0
6421524 9679076 6421581 0
6421557 9679091 6421524 0
6421581 9654925 -11 0
6421712 9662342 6421557 0
6421713 9662342 6421557 0
6421716 9662342 6421557 0
6465229 9655376 -11 0
6480281 9679065 -11 0
6480335 9679096 6480281 0
6480420 9662336 6480335 0
6480522 9684186 6480420 0
6532003 9652623 9595682 0
6532060 9653350 6532003 0
6548141 9679913 8120679 0
6552068 9671968 -11 0
6552144 9679917 6552068 0
6552399 9672160 6552144 0
6561504 9666261 -11 0
6702959 9667729 0 0
6702995 9666987 6702959 0
6703128 9678650 6702995 0
6774770 9666325 9600548 0
6838291 9684186 5669268 0
6838298 9669190 7217982 0
6838302 9684286 6158133 0
6838306 9670224 7217982 0
6838307 9669467 6325885 0
6935129 9666988 -11 0
6935134 9667587 6935129 0
6937794 9666987 -11 0
6937802 9667159 6937794 0
6937824 9678500 6937802 0
6937972 9678745 6937824 0
6945037 9679111 6945057 0
6945057 9655713 -11 0
6945164 9662337 6945037 0
6991403 9654647 9604529 0
6991419 9657388 6991451 0
6991451 9656265 6991403 0
7040965 9662336 3679215 0
7041165 9687187 7040965 0
7055684 9655175 -11 0
7055690 9656573 9605812 0
7055698 9656265 7055684 0
7055774 9656785 7055690 0
7055843 9679165 7055774 0
7055866 9662336 7055698 0
7055930 9664829 7055843 0
7055989 9683986 7055843 0
7055990 9683986 7055843 0
7055992 9683986 7055843 0
7055994 9683986 7055843 0
7059596 9655175 -11 0
7059651 9679091 7059596 0
7059762 9679162 7059651 0
7059812 9663437 7059762 0
7059849 9662336 7059651 0
7059854 9662336 7059651 0
7059856 9662336 7059651 0
7059857 9662336 7059651 0
7059882 9682388 7059762 0
7059909 9684789 7059651 0
7080104 9653668 6532060 0
7080151 9654164 7080104 0
7217848 9678569 0 0
7217982 9678716 7217848 0
7223827 9666325 7223872 0
7223872 9667005 -11 0
7223928 9667947 7223827 0
7223991 9678679 7223928 0
7249603 9667241 -11 0
7249709 9678701 7249603 0
7333726 9679065 -11 0
7333752 9658544 7333812 0
7333756 9679097 7333726 0
7333783 9679111 7333756 0
7333799 9679111 7333752 0
7333802 9655848 -11 0
7333812 9655713 7333802 0
7333897 9662337 7333783 0
7347230 9656363 -11 0
7347286 9679100 7347230 0
7347332 9659244 7347286 0
7347360 9662337 7347332 0
7347528 9679043 -11 0
7347531 9654647 -11 0
7347536 9679049 7347531 0
7347539 9679046 7347528 0
7347551 9658004 7347536 0
7347575 9679111 7347539 0
7347593 9679133 7347551 0
7347622 9679121 7347593 0
7347659 9662337 7347575 0
7347668 9664829 7347622 0
7860643 9655330 -11 0
7860647 9656090 7860643 0
7860695 9679065 7860647 0
7860751 9679125 7860695 0
7936967 9652453 -11 0
7937142 9674947 7936967 0
7985250 9655359 -11 0
7985288 9679092 7985250 0
7985397 9679111 7985288 0
7985455 9662337 7985397 0
8011222 9655168 -11 0
8011309 9679075 8011222 0
8011347 9679121 8011222 0
8011519 9664829 8011309 0
8011581 9662336 8011309 0
8079296 9655723 -11 0
8079504 9679111 8079296 0
8079623 9662337 8079504 0
8120679 9679903 0 0
8129057 9668712 2800032 0
8129064 9668712 2800032 0
8129116 9684286 6158133 0
8129125 9687789 8254668 0
8129127 9686589 3419500 0
8129132 9676423 3541382 0
8253589 9657375 -11 0
8253685 9679121 8253589 0
8254309 9679088 9629741 0
8254326 9679111 8254309 0
8254625 9662336 8254326 0
8254627 9662336 8254326 0
8254654 9682387 8254326 0
8254666 9664829 8254627 0
8254667 9664829 8254627 0
8254668 9683986 8254625 0
8254669 9683986 8254625 0
8254674 9684789 7059854 0
8254675 9684789 7059854 0
8254692 9684186 5669268 0
8254696 9682388 7059857 0
8254699 9684789 3419466 0
8254718 9684286 6158133 0
8254727 9686589 3419500 0
8335752 9652453 -11 0
8335777 9652905 8335752 0
8335830 9653257 8335777 0
8543036 9655378 -11 0
8543117 9659288 8543036 0
8543256 9657791 8543117 0
8543380 9684186 8543256 0
8599467 9656427 -11 0
8599486 9657890 0 0
8599494 9657403 -11 0
8599554 9657890 8599467 0
8599581 9679116 8599494 0
8599593 9679166 8599486 0
8599633 9662336 8599581 0
8599637 9662336 8599554 0
8599677 9664829 8599593 0
8599688 9662337 8599633 0
8599707 9682986 8599637 0
8632211 9668227 8811374 0
8633208 9656964 -11 0
8633254 9679089 8633208 0
8633302 9679118 8633254 0
8633417 9679125 8633302 0
8633616 9684789 8633417 0
8633618 9684789 8633417 0
8701024 9655713 -11 0
8701050 9679084 8701024 0
8701081 9679075 8701050 0
8701144 9679165 8701081 0
8701184 9662336 8701144 0
8701257 9659147 8701081 0
8701258 9682388 8701184 0
8811162 9667165 -11 0
8811216 9667385 8811162 0
8811374 9678569 8811216 0
8904526 9679104 8904626 0
8904626 9656265 -11 0
8905036 9664829 8904526 0
9101171 9679066 9643042 0
9101278 9659147 9101171 0
9101330 9660890 9101278 0
9101378 9684186 9101278 0
9183580 9666590 -11 0
9183651 9667947 9183580 0
9185442 9652298 -11 0
9198395 9652546 9644703 0
9198409 9653145 9198395 0
9205297 9666294 -11 0
9205301 9667068 9205297 0
9205477 9678658 9205301 0
9210524 9652110 9705952 0
9213000 9678609 -11 0
9223255 9667438 -11 0
9262665 9679915 0 0
9262748 9672296 9262665 0
9268498 9666885 -11 0
9268506 9667602 -11 0
9268540 9678515 9268506 0
9268593 9678588 9268540 0
9269687 9651919 -11 0
9270460 9652792 -11 0
9270466 9652891 9270460 0
9279404 9652112 -11 0
9279407 9652166 9279404 0
9279413 9652112 -11 0
9291323 9652112 -11 0
9291329 9652540 9291323 0
9291330 9652113 9647048 0
9291355 -11 9647062 0
9291408 9652812 9291330 0
9291418 9653000 9291355 0
9291470 9676990 9291418 0
9291541 9673899 9291408 0
9291543 9673899 9291408 0
9319938 9667699 -11 0
9320095 9668711 9319938 0
9324205 9651985 -11 0
9324206 9652144 9324205 0
9381969 9683986 6337858 0
9433934 9654123 6017490 0
9506300 9678650 9213000 0
9509213 9687187 6323355 0
9516008 9665954 -11 0
9516010 9665725 -11 0
9516011 9665501 -11 0
9516023 9666325 -11 0
9516037 9666029 -11 0
9516045 9666910 -11 0
9516066 9666885 -11 0
9516088 9666325 -11 0
9516174 9666839 -11 0
9516179 9667438 -11 0
9516186 9666325 -11 0
9516202 9667628 -11 0
9516203 9667081 -11 0
9516212 9665506 -11 0
9516213 9665506 -11 0
9516214 9665617 -11 0
9516217 9665332 -11 0
9516251 9654799 -11 0
9516252 9655148 -11 0
9516255 9654523 -11 0
9516259 9654746 -11 0
9516279 9654518 -11 0
9516290 9654799 -11 0
9516294 9655028 -11 0
9516313 9654746 -11 0
9516319 9654647 -11 0
9516358 9654746 -11 0
9516374 9679046 -11 0
9516400 9655168 -11 0
9516568 9654471 -11 0
9516592 9654498 -11 0
9516667 9651714 -11 0
9516669 9651749 -11 0
9516674 9651934 -11 0
9516678 9651985 -11 0
9516692 9651934 -11 0
9516693 9652110 -11 0
9516697 9652113 -11 0
9516701 9652144 -11 0
9516713 9652978 -11 0
9516751 9651827 -11 0
9516752 9651651 -11 0
9516753 9651652 -11 0
9516754 9651781 -11 0
9516755 9651781 -11 0
9516757 9651651 -11 0
9516761 9651683 -11 0
9516762 9651652 -11 0
9516764 9651781 -11 0
9516766 9651782 -11 0
9516773 9651651 -11 0
9516775 9651651 -11 0
9516778 9651648 -11 0
9516797 9651749 -11 0
9516823 9655153 -11 0
9519651 9666276 -11 0
9521740 9666748 -11 0
9522235 9666268 -11 0
9537399 9667209 -11 0
9540823 9666515 -11 0
9561892 9666510 -11 0
9565663 9655378 -11 0
9572242 9666620 -11 0
9582669 9654632 -11 0
9585919 9656026 -11 0
9587883 9679046 -11 0
9591604 9655168 -11 0
9591607 9655168 -11 0
9591618 9656746 -11 0
9591719 9654746 -11 0
9591916 9655168 -11 0
9591929 9655168 -11 0
9595682 9652298 -11 0
9600548 9665986 -11 0
9604529 9654622 -11 0
9605812 9655511 -11 0
9629741 9679057 -11 0
9643042 9679050 -11 0
9644703 9652112 -11 0
9647048 9651919 -11 0
9647062 9652144 -11 0
9648522 9679202 0 0
9648524 9679390 0 0
9648778 9680133 0 0
9648829 9679043 0 0
9648830 9679431 0 0
9648832 9679043 0 0
9648836 9679075 9649190 0
9648838 9679043 0 0
9648839 9679202 0 0
9648857 9679043 0 0
9648864 9679049 0 0
9648865 9679048 0 0
9648868 9679202 0 0
9648870 9679049 0 0
9648874 9679075 0 0
9648880 9679396 0 0
9648896 9679368 9648874 0
9648905 9679204 9648839 0
9648911 9679213 9648864 0
9648915 9679075 9648829 0
9649035 9672529 9649440 0
9649048 9679202 0 0
9649055 9679210 0 0
9649105 9679213 0 0
9649115 9679213 9649187 0
9649173 9679202 0 0
9649187 9679202 0 0
9649190 9679202 0 0
9649200 9679202 0 0
9649224 9679213 9648838 0
9649241 9679378 9649368 0
9649318 9679241 9648836 0
9649368 9679043 0 0
9649377 9679386 0 0
9649394 9679097 9649483 0
9649436 9679441 0 0
9649439 9679208 0 0
9649440 9680003 -11 0
9649483 9679217 0 0
9649538 9679232 9649377 0
9649590 9680181 9649035 0
9649630 9679133 9649538 0
9649639 9679133 9649394 0
9650055 9679169 0 0
9650065 9680094 0 0
9650070 9680018 0 0
9650092 9679237 0 0
9650098 9679121 9650092 0
9650224 9679960 0 0
9650229 9679918 9650070 0
9650241 9680104 9650224 0
9650382 9678636 0 0
9650397 9678827 -11 0
9650400 9678893 0 0
9650402 9678893 0 0
9650409 9678830 9715759 0
9650410 9678491 0 0
9650414 0 9715757 0
9650417 9678857 9715756 0
9650426 9678827 0 0
9650427 9678827 -11 0
9650434 9678489 0 0
9650442 9678857 0 0
9650445 9678862 0 0
9650452 9678836 9650442 0
9650458 9678839 9715751 0
9650464 9678901 0 0
9650489 9679829 0 0
9650491 9679829 0 0
9650494 9699748 0 0
9650495 9699748 0 0
9650496 9679863 0 0
9650498 0 0 0
9650499 9699381 0 0
9650501 9679839 9650494 0
9650504 9679839 9650495 0
9650507 0 9650499 0
9650508 9679796 0 0
9650511 9679846 0 0
9650513 9679839 0 0
9650519 9699381 0 0
9650520 9699381 0 0
9650522 9699333 0 0
9650525 9679847 9650511 0
9650526 9679871 0 0
9650527 9699809 9650519 0
9650529 9679847 0 0
9650530 9679847 0 0
9650532 9679794 9650522 0
9650533 9679847 9650520 0
9650534 9679849 0 0
9650535 0 9650513 0
9650540 9679869 9650525 0
9650543 9679852 0 0
9650546 9679794 0 0
9650549 9679794 0 0
9650553 9679794 9650526 0
9650564 9679847 9650546 0
9650568 9679765 0 0
9650571 9679779 9650532 0
9650580 0 9650568 0
9650598 9679893 9650580 0
9650636 9679566 0 0
9650647 9679302 0 0
9650648 9679302 0 0
9650650 9679302 0 0
9650652 9679456 0 0
9650653 9679302 0 0
9650656 9679302 0 0
9650661 9679437 0 0
9650669 9679269 0 0
9650671 9679536 0 0
9650681 9680153 0 0
9650684 9679303 0 0
9650686 9679226 0 0
9650687 9679269 -11 0
9650693 9679460 0 0
9650696 9679440 0 0
9650698 9679225 0 0
9650699 9679303 0 0
9650704 9679288 0 0
9650705 9679580 0 0
9650715 0 9650661 0
9650729 9679046 9650669 0
9650732 9679217 0 0
9650734 9679225 0 0
9650741 9680109 0 0
9650742 9679225 0 0
9650745 9679455 -11 0
9650754 9679313 9700765 0
9650758 9679473 -11 0
9650762 9679236 0 0
9650765 9679217 -11 0
9650772 9679371 0 0
9650777 9679371 0 0
9650793 9679221 0 0
9650795 9679455 0 0
9650799 9679221 0 0
9650806 9679269 0 0
9650808 9679236 0 0
9650809 9679226 0 0
9650810 9679046 0 0
9650818 9679226 0 0
9650836 9679221 9650729 0
9650845 9679227 9650754 0
9650848 9679371 0 0
9650851 9679236 9650734 0
9650860 9679236 0 0
9650861 9680141 0 0
9650863 9679064 -11 0
9650892 9679213 0 0
9650896 9679365 0 0
9650908 9679213 9650772 0
9650921 9679246 9700734 0
9650923 9679213 0 0
9650928 9679046 9700751 0
9650934 9679213 9650777 0
9650936 9679213 9650848 0
9650940 9679715 9650742 0
9650944 9679213 0 0
9650948 9679415 0 0
9650955 9679213 0 0
9650961 9679064 9650732 0
9650962 9679213 0 0
9650963 9679046 9650799 0
9650967 9679221 0 0
9650975 9680150 0 0
9650985 9679213 9650836 0
9650991 9679260 0 0
9651019 9679918 9650741 0
9651030 9679225 9650810 0
9651034 9679253 0 0
9651046 9679665 9650944 0
9651050 9679253 9650948 0
9651100 9679241 9650921 0
9651124 9679262 9715642 0
9651128 9679133 9650991 0
9651135 9679133 9650955 0
9651147 9679253 9650928 0
9651158 9679133 9650845 0
9651209 9679133 9650967 0
9651247 9679357 9650908 0
9651262 9679133 9651124 0
9651270 9679624 9700695 0
9651294 9662337 9651158 0
9651313 9679133 9650962 0
9651648 -11 -11 0
9651649 -11 -11 0
9651651 -11 -11 0
9651652 -11 -11 0
9651657 -11 -11 0
9651665 -11 -11 0
9651683 -11 -11 0
9651687 9651665 -11 0
9651709 9651649 -11 0
9651714 9651657 -11 0
9651717 9651649 -11 0
9651725 9651648 -11 0
9651729 9651652 -11 0
9651730 9651657 -11 0
9651749 0 -11 0
9651755 9651649 -11 0
9651770 0 -11 0
9651781 9651652 9516797 0
9651782 9651709 -11 0
9651796 9651651 -11 0
9651827 9651648 -11 0
9651832 9651665 -11 0
9651854 9651687 0 0
9651871 0 -11 0
9651877 9651717 -11 0
9651891 9651657 -11 0
9651919 0 -11 0
9651926 9651683 -11 0
9651934 9651725 -11 0
9651939 9651725 9516775 0
9651977 0 -11 0
9651985 9651730 9516778 0
9652073 9651770 -11 0
9652074 9651770 -11 0
9652110 9651871 9516762 0
9652112 9651871 9516753 0
9652113 9651832 9516755 0
9652140 9651919 9516773 0
9652144 9651796 9516764 0
9652149 9651782 0 0
9652166 9651755 9516761 0
9652248 0 9516754 0
9652280 9651926 -11 0
9652298 9652140 9516751 0
9652315 0 -11 0
9652374 9651934 9516667 0
9652453 9651919 9516752 0
9652470 9679781 -11 0
9652538 9651977 -11 0
9652540 9651977 -11 0
9652541 9652112 -11 0
9652546 9651939 -11 0
9652612 9651877 5229055 0
9652623 9651977 -11 0
9652630 9652113 -11 0
9652654 9679764 -11 0
9652731 9652073 -11 0
9652792 9652470 -11 0
9652794 9651781 9516669 0
9652812 9651854 9516757 0
9652820 9652298 -11 0
9652891 9652298 9516674 0
9652905 9652298 9516678 0
9652978 9679764 -11 0
9653000 9652149 9279413 0
9653014 9652374 9279413 0
9653057 9652374 9516766 0
9653079 9652374 3342415 0
9653130 9652374 -11 0
9653145 9679768 9324206 0
9653185 9652374 9269687 0
9653194 9652298 -11 0
9653257 9652144 9516692 0
9653281 9679768 9516693 0
9653324 9652541 -11 0
9653350 9652541 9516697 0
9653389 9679765 5449599 0
9653391 9652541 9185442 0
9653416 9652630 5316464 0
9653516 9652541 9516701 0
9653527 9652612 9279407 0
9653661 9652612 9291329 0
9653668 9652315 9516713 0
9653683 9652794 5020076 0
9653738 9652792 0 0
9653801 9652144 -11 0
9653846 9652794 3249744 0
9654123 9652891 3254997 0
9654164 9652891 3187071 0
9654471 9679171 -11 0
9654475 -11 -11 0
9654498 9679171 -11 0
9654518 9679171 -11 0
9654523 0 -11 0
9654622 -11 -11 0
9654632 0 -11 0
9654647 9654475 -11 0
9654735 9654471 -11 0
9654746 0 -11 0
9654799 9654475 -11 0
9654908 9654746 -11 0
9654925 9654746 -11 0
9655028 9654647 -11 0
9655148 9654622 -11 0
9655153 9654523 -11 0
9655157 9654746 -11 0
9655168 9654523 -11 0
9655175 9679179 -11 0
9655330 9654746 -11 0
9655344 9654925 -11 0
9655359 9678427 9516592 0
9655376 9678427 -11 0
9655378 9678427 9516568 0
9655511 9654622 -11 0
9655591 9679169 -11 0
9655605 9654746 -11 0
9655657 9654647 -11 0
9655713 9679179 -11 0
9655723 9679179 -11 0
9655848 9654746 -11 0
9656026 9679202 -11 0
9656028 9654735 -11 0
9656036 9679185 -11 0
9656090 9655657 -11 0
9656109 9654647 -11 0
9656265 9679203 -11 0
9656287 9679205 9649439 0
9656363 9654925 -11 0
9656427 9678427 -11 0
9656573 9679046 6272383 0
9656673 9679046 -11 0
9656722 9679046 9516251 0
9656731 9655153 9516252 0
9656746 9679046 9516255 0
9656785 9679050 9516259 0
9656964 9679210 9648870 0
9657036 9679050 9516279 0
9657056 9679213 9648905 0
9657064 9679210 9648880 0
9657115 9656673 9516290 0
9657167 9679046 9516294 0
9657301 9679213 9648832 0
9657366 9679046 9516313 0
9657375 9679213 0 0
9657388 9679213 9648830 0
9657403 9679049 9516319 0
9657551 9679220 9649048 0
9657791 9679213 9649055 0
9657890 9679213 9649187 0
9658004 9679213 9648915 0
9658102 9679236 9648865 0
9658153 9679046 9516358 0
9658391 9679213 9649173 0
9658544 9679235 9648896 0
9658657 9656265 4615132 0
9658706 9679065 6465229 0
9658708 9679081 9516374 0
9658770 9679235 9648868 0
9658873 9679231 9650055 0
9658996 9656427 9516400 0
9659133 9679236 9648524 0
9659147 9679256 9648911 0
9659244 9679235 -11 0
9659288 9679227 9648522 0
9659352 9679227 9649105 0
9659355 9679241 9649200 0
9659461 9679236 9649224 0
9659478 9679091 6150136 0
9659479 9679088 4613307 0
9659971 9679227 9649115 0
9660094 9679104 6338356 0
9660890 9679133 9649241 0
9660962 9679121 3901844 0
9661368 9679122 4359606 0
9662336 9679226 9650795 0
9662337 9679280 9650892 0
9662339 9679213 9650715 0
9662340 9679213 2536101 0
9662341 9679046 9650793 0
9662342 9679046 9650809 0
9663437 9679257 9650923 0
9663439 9679046 9650696 0
9663440 9679213 9650684 0
9663715 9662336 9649318 0
9664009 9679106 6246516 0
9664829 9679213 2536070 0
9664913 9658391 0 0
9665326 -11 -11 0
9665328 9664913 -11 0
9665332 9664009 -11 0
9665347 9664913 -11 0
9665360 -11 -11 0
9665430 9665328 -11 0
9665433 9665326 -11 0
9665472 9665326 -11 0
9665499 9665332 -11 0
9665501 9665360 -11 0
9665506 9665360 -11 0
9665614 9665328 -11 0
9665617 9665332 -11 0
9665624 9665433 -11 0
9665643 9665347 -11 0
9665711 0 -11 0
9665725 9665360 -11 0
9665758 9665430 -11 0
9665794 0 -11 0
9665807 0 -11 0
9665829 9665499 -11 0
9665954 9665614 -11 0
9665986 9665506 -11 0
9666029 9665614 -11 0
9666038 9665506 -11 0
9666043 9665614 -11 0
9666083 9665711 -11 0
9666161 9665614 -11 0
9666212 9665829 -11 0
9666261 9665758 -11 0
9666268 0 9516213 0
9666276 9665794 -11 0
9666285 9665794 9516217 0
9666294 9665829 -11 0
9666297 9665506 -11 0
9666322 9665472 -11 0
9666325 9665624 -11 0
9666390 9665472 -11 0
9666439 9665807 -11 0
9666510 9665617 -11 0
9666515 9665807 -11 0
9666590 9665954 -11 0
9666620 9666083 -11 0
9666631 9665643 -11 0
9666731 9665758 9516212 0
9666748 9666390 -11 0
9666839 9666161 -11 0
9666876 9666322 -11 0
9666885 9666297 9516214 0
9666892 9666029 -11 0
9666908 9666083 -11 0
9666910 9666212 -11 0
9666921 9665711 -11 0
9666987 9666043 -11 0
9666988 9666029 -11 0
9667005 9666083 -11 0
9667017 9666038 -11 0
9667068 9666083 -11 0
9667081 9666322 -11 0
9667138 9666083 -11 0
9667159 9666390 -11 0
9667165 9666590 -11 0
9667198 9666325 -11 0
9667209 9666043 -11 0
9667222 9666390 -11 0
9667241 9666631 -11 0
9667276 9665758 -11 0
9667336 9666325 -11 0
9667383 9666322 -11 0
9667385 9666325 -11 0
9667438 9666748 -11 0
9667442 9666043 -11 0
9667463 9666885 -11 0
9667470 9666285 -11 0
9667511 9666322 -11 0
9667555 9666748 9516008 0
9667587 9666885 9516010 0
9667592 9666439 9516011 0
9667602 9667276 -11 0
9667628 9666322 -11 0
9667699 9666885 -11 0
9667729 9667068 9516023 0
9667794 9666731 -11 0
9667808 9666885 9516037 0
9667913 9666921 9516045 0
9667947 9666268 3113045 0
9667957 9666876 9516066 0
9668039 9666590 9516088 0
9668176 0 2829576 0
9668227 9667336 9268498 0
9668711 9678640 9650417 0
9668712 9678640 9650458 0
9669156 9678679 2769266 0
9669190 9667957 4272198 0
9669467 9678637 5687102 0
9669509 9678679 9205477 0
9669678 9678588 3580418 0
9669701 9678630 2769443 0
9669729 9678848 9650464 0
9669847 9678680 9183651 0
9669892 9678701 5353156 0
9669910 9678965 9650382 0
9670056 9668712 5410589 0
9670224 9678839 9650426 0
9670296 9678839 9650452 0
9670303 9678786 9320095 0
9670329 9678676 2783448 0
9670373 9668712 6287516 0
9670444 9668712 5974818 0
9670463 9668712 9268593 0
9670476 9668712 2800033 0
9670515 9668712 2660683 0
9670525 9678650 2613546 0
9670533 9668712 6703128 0
9670563 9678650 4779809 0
9670673 9670224 7217982 0
9670684 9678650 3760733 0
9670730 9678650 3760733 0
9670836 9669190 2788126 0
9670902 9669190 7223991 0
9670990 9669678 8632211 0
9671053 9669729 2613618 0
9671333 -11 -11 0
9671372 9669847 2820331 0
9671832 9679942 -11 0
9671919 0 9650065 0
9671968 9679906 -11 0
9672049 9679960 0 0
9672160 9679990 0 0
9672186 9680005 9650229 0
9672225 9680012 9650861 0
9672262 9680012 9651019 0
9672296 9680012 9650975 0
9672346 9680172 9649590 0
9672377 9672160 9650241 0
9672388 9672296 9262665 0
9672459 9672186 9262748 0
9672493 9672377 4712161 0
9672528 9679536 -11 0
9672529 9672528 2536031 0
9672645 0 5164261 0
9672664 9653145 3175054 0
9672922 9653145 9210524 0
9673007 9653281 3142116 0
9673125 9653079 3142083 0
9673865 9653516 9270466 0
9673899 9679794 9650533 0
9674329 9679815 9650543 0
9674947 9679765 9650549 0
9675187 9673899 3825174 0
9675340 9679778 9650553 0
9675345 0 9650540 0
9675447 9679778 9291470 0
9675819 9673899 9198409 0
9675839 9673899 9198409 0
9676093 9673899 9650527 0
9676224 9673125 3197295 0
9676225 9673125 3197295 0
9676323 9672664 4025687 0
9676344 9675340 8335830 0
9676350 9673125 3217174 0
9676354 9675345 2897770 0
9676389 9673125 3217174 0
9676411 9675345 2897770 0
9676423 9679878 2535993 0
9676424 9679878 2536004 0
9676492 9673125 3231985 0
9676496 9673865 9291541 0
9676501 9673125 3231985 0
9676515 9673125 9291541 0
9676643 9679883 9650571 0
9676722 9673125 3333382 0
9676787 9673125 6277306 0
9676794 9673125 6277306 0
9676829 9673125 3333382 0
9676921 9674329 9700824 0
9676990 9652794 9291323 0
9677024 9673125 9291543 0
9677029 9654164 3162516 0
9677031 9654164 3162516 0
9677032 9676423 3541382 0
9677052 9654164 3162516 0
9677056 9676423 3541382 0
9677090 9654164 7937142 0
9677091 9654164 7937142 0
9677107 9676093 7080151 0
9677109 9679883 9650598 0
9677116 9676423 3541382 0
9677120 9676423 3541382 0
9677166 9654164 7937142 0
9677184 9654164 7937142 0
9677239 9654164 7937142 0
9677404 9676424 4033107 0
9677441 9676643 9433934 0
9677459 9676643 3217451 0
9677567 9676643 3217451 0
9677594 9675187 5858152 0
9678427 0 0 0
9678431 9679289 2536007 0
9678487 9678829 -11 0
9678489 9678827 -11 0
9678490 9678830 -11 0
9678491 9678831 -11 0
9678494 9678851 -11 0
9678498 9678855 2536041 0
9678499 9678851 -11 0
9678500 9678851 0 0
9678508 9678490 -11 0
9678515 0 -11 0
9678517 9678827 -11 0
9678558 9678498 9516174 0
9678569 9678508 9223255 0
9678588 9678508 9516179 0
9678597 9678494 6165768 0
9678609 9678500 9516186 0
9678629 9678517 -11 0
9678630 9678487 6561504 0
9678636 0 0 0
9678637 9678836 9650414 0
9678640 9678827 9650409 0
9678647 9678839 0 0
9678650 9678839 9650434 0
9678658 0 9650409 0
9678676 9678515 6774770 0
9678679 9678839 9650445 0
9678680 9678839 9650427 0
9678701 9678515 9516202 0
9678716 9678640 9516203 0
9678727 9678636 6935134 0
9678745 9678839 9650410 0
9678786 9678647 3604303 0
9678827 9678870 -11 0
9678828 0 -11 0
9678829 9678828 -11 0
9678830 0 -11 0
9678831 9678832 -11 0
9678832 9678893 -11 0
9678836 9678838 -11 0
9678838 0 -11 0
9678839 9678863 9650402 0
9678848 9678839 -11 0
9678851 9678887 -11 0
9678855 9678887 -11 0
9678857 9678832 -11 0
9678862 9678838 -11 0
9678863 0 9650400 0
9678870 9678828 -11 0
9678887 -11 -11 0
9678893 9671333 -11 0
9678901 9678490 -11 0
9678965 9678839 9650397 0
9679043 9679292 9650636 0
9679046 0 0 0
9679048 9679206 -11 0
9679049 9679206 9649436 0
9679050 9679202 9648857 0
9679057 0 0 0
9679062 9679075 -11 0
9679064 0 -11 0
9679065 9679301 -11 0
9679066 9679301 -11 0
9679070 9679303 2536048 0
9679075 9678431 2536010 0
9679076 9679202 0 0
9679081 9679307 -11 0
9679082 9679216 2536025 0
9679084 9679203 -11 0
9679088 9679236 -11 0
9679089 9679303 0 0
9679091 9679236 0 0
9679092 9679236 9650705 0
9679093 9679221 0 0
9679096 0 0 0
9679097 9678431 0 0
9679100 9679204 -11 0
9679104 9679075 2536026 0
9679106 9679046 9650863 0
9679108 9679253 9650765 0
9679111 9679213 0 0
9679113 9679225 9650758 0
9679116 9679236 0 0
9679118 9678431 2536033 0
9679121 9679217 9650808 0
9679122 9679213 9650687 0
9679123 9679221 9650704 0
9679125 9679202 9650693 0
9679132 9679213 9650745 0
9679133 9679046 9650699 0
9679162 9679328 2536043 0
9679165 9679064 9650818 0
9679166 9679329 9650806 0
9679169 -11 -11 0
9679171 -11 -11 0
9679178 -11 -11 0
9679179 0 -11 0
9679185 9679178 -11 0
9679202 9679304 2536010 0
9679203 9679202 -11 0
9679204 9679513 -11 0
9679205 9679204 -11 0
9679206 0 -11 0
9679208 9679540 -11 0
9679210 9679204 -11 0
9679213 9679301 9650656 0
9679216 9679204 -11 0
9679217 9679302 -11 0
9679220 9679301 9650650 0
9679221 0 -11 0
9679225 9679302 -11 0
9679226 9679302 -11 0
9679227 0 0 0
9679231 9678431 -11 0
9679232 9679225 -11 0
9679235 9679225 9650652 0
9679236 9679536 -11 0
9679237 9679046 -11 0
9679241 9679046 0 0
9679246 9679511 -11 0
9679253 9679046 -11 0
9679256 9678431 9650653 0
9679257 9679492 -11 0
9679260 9679302 0 0
9679262 9679226 -11 0
9679269 9679488 -11 0
9679272 9679213 -11 0
9679280 9679046 9650647 0
9679288 9679513 -11 0
9679289 -11 -11 0
9679292 -11 -11 0
9679301 9679419 -11 0
9679302 0 -11 0
9679303 0 -11 0
9679304 9679536 -11 0
9679306 9679513 -11 0
9679307 9679178 -11 0
9679311 9679536 -11 0
9679313 9679288 -11 0
9679328 9679306 -11 0
9679329 9679616 -11 0
9679357 9679221 9650686 0
9679365 9679269 -11 0
9679368 9679451 -11 0
9679371 9679302 -11 0
9679378 9679204 -11 0
9679386 9679302 -11 0
9679390 9678431 -11 0
9679396 9679292 -11 0
9679415 9679427 -11 0
9679419 -11 -11 0
9679427 -11 -11 0
9679431 9654746 -11 0
9679437 9679302 -11 0
9679440 9679441 -11 0
9679441 -11 -11 0
9679451 -11 -11 0
9679455 9679456 -11 0
9679456 -11 -11 0
9679460 0 -11 0
9679473 9679302 -11 0
9679488 -11 -11 0
9679492 9679456 -11 0
9679499 9679302 -11 0
9679511 9679642 -11 0
9679513 -11 -11 0
9679536 -11 -11 0
9679540 9679566 -11 0
9679556 9679557 0 0
9679557 9679492 9650681 0
9679566 -11 -11 0
9679580 9679204 -11 0
9679589 9679306 -11 0
9679616 9679302 -11 0
9679624 9679213 0 0
9679642 9679419 -11 0
9679665 9679225 9650671 0
9679673 9679213 9650762 0
9679674 9679133 0 0
9679691 9679202 2536017 0
9679709 9679046 0 0
9679715 9679225 -11 0
9679742 9678431 -11 0
9679764 0 9650491 0
9679765 9679783 0 0
9679768 0 0 0
9679774 9679793 9650504 0
9679778 9679795 9650508 0
9679779 9679796 9650534 0
9679781 9679867 -11 0
9679783 9679863 -11 0
9679793 9679821 0 0
9679794 9679783 0 0
9679795 9679821 -11 0
9679796 0 -11 0
9679815 9679794 -11 0
9679821 0 -11 0
9679823 9679765 9650507 0
9679829 -11 -11 0
9679839 9699747 9650489 0
9679846 9679821 -11 0
9679847 9679839 -11 0
9679849 0 -11 0
9679852 9679863 -11 0
9679863 -11 -11 0
9679866 9679781 9650498 0
9679867 9679829 -11 0
9679869 9699333 9650496 0
9679871 9679866 9650498 0
9679878 9679795 9650535 0
9679879 9699629 2535990 0
9679881 9679765 -11 0
9679883 9679823 9650564 0
9679893 9699382 9650530 0
9679903 9679982 -11 0
9679906 9679987 -11 0
9679913 9679992 2536040 0
9679915 0 2536040 0
9679916 0 2536075 0
9679917 9658102 9516823 0
9679918 9679991 9650693 0
9679929 -11 -11 0
9679942 9679929 -11 0
9679960 9680018 -11 0
9679982 9680065 -11 0
9679987 9679929 -11 0
9679990 9679993 0 0
9679991 9679304 2536010 0
9679992 9680015 -11 0
9679993 9680015 -11 0
9679994 9679993 -11 0
9679996 9680016 -11 0
9680003 0 -11 0
9680005 9679994 0 0
9680012 0 9650681 0
9680015 -11 -11 0
9680016 9680015 -11 0
9680018 0 -11 0
9680065 -11 -11 0
9680094 9680065 -11 0
9680104 0 9648778 0
9680109 9679427 -11 0
9680133 9679993 -11 0
9680141 9680109 -11 0
9680150 9680152 9650656 0
9680152 9679419 -11 0
9680153 9679488 -11 0
9680172 9680173 2536056 0
9680173 9680174 2536010 0
9680174 9679289 2536007 0
9680181 9680003 -11 0
9681986 9679133 9650934 0
9682043 9659147 8011347 0
9682156 9659147 2899028 0
9682386 9679241 9650896 0
9682387 9679133 9650845 0
9682388 9679046 9650860 0
9682986 9663440 9651050 0
9683986 9679133 9650936 0
9684186 9679133 9650985 0
9684286 9679133 2536114 0
9684727 9679556 9649630 0
9684787 9679133 9650961 0
9684789 9679624 9651100 0
9685501 9662336 3418038 0
9685786 9662336 9650908 0
9686588 9679133 9651030 0
9686589 9663440 9650963 0
9687163 9662336 3419423 0
9687187 9662337 9651046 0
9687301 9682388 7059762 0
9687489 9679673 9651128 0
9687586 9682386 7333799 0
9687679 9682986 3418038 0
9687789 9679133 9650851 0
9687790 9662336 9651313 0
9688069 9684186 6991419 0
9688074 9684186 6337847 0
9688185 9684186 6337847 0
9688260 9684186 6337847 0
9688334 9684186 6337847 0
9688387 9679133 9700715 0
9688388 9664829 2536110 0
9688391 9679624 9651209 0
9688746 9683986 7055843 0
9688775 9684789 7059651 0
9688910 9682388 4750593 0
9688943 9684787 5928945 0
9689093 9684789 7059854 0
9689097 9682388 8701184 0
9689148 9664829 6323292 0
9689151 9683986 7055843 0
9689186 9664829 2536128 0
9689417 9682388 7040965 0
9689479 9685786 8701257 0
9689587 9679624 9651135 0
9689589 9679709 9650098 0
9689845 9679133 9650940 0
9689846 9662337 9651262 0
9689915 9684789 8633417 0
9689919 9684186 9101278 0
9689968 9684789 8633417 0
9689990 9682388 6082599 0
9690215 9684789 6075666 0
9690218 9684789 6075666 0
9690385 9679556 9651294 0
9690389 9684789 6075666 0
9690502 9686588 3616676 0
9690538 9682388 4516196 0
9690596 9664829 9649639 0
9690655 9664829 2536108 0
9690888 9682388 7059854 0
9690889 9684186 3789741 0
9690983 9679674 9651270 0
9691133 9664829 9651034 0
9691184 9684186 5669268 0
9691263 9663715 6199869 0
9691274 9682388 5899147 0
9691343 9682388 6338482 0
9691369 9688388 8254625 0
9691370 9686588 5401831 0
9691380 9682388 6338482 0
9691382 9684286 6158133 0
9691538 9684286 6158133 0
9691615 9686589 5320084 0
9691698 9664829 2536122 0
9691762 9684286 6158133 0
9691787 9684286 6158133 0
9691865 9688388 7059856 0
9691940 9679556 9651247 0
9691998 9688391 6370992 0
9692054 9688388 8254669 0
9692146 9688391 7055994 0
9692180 9688388 8701258 0
9692272 9688388 7059849 0
9692273 9688391 6075706 0
9692313 9688391 6075706 0
9692375 9688388 7059849 0
9692480 9688388 7985455 0
9692501 9688391 7055994 0
9692598 9688387 7059812 0
9692625 9688387 7059812 0
9692643 9688391 3670847 0
9693176 9688388 7059909 0
9693290 9688388 7059909 0
9693291 9689587 5145156 0
9693315 9689587 4016150 0
9693335 9688391 8079623 0
9693375 9689589 3913536 0
9693472 9689589 3913536 0
9693478 9688391 5944862 0
9693551 9689589 7055990 0
9693852 9689845 5145103 0
9693853 9689845 5145103 0
9694024 9688388 7055992 0
9694343 9689845 8254668 0
9694344 9689846 7055990 0
9694356 9690596 7347360 0
9694428 9690596 7347360 0
9694431 9689845 8254675 0
9694674 9689845 8254669 0
9694782 9690596 3670901 0
9694836 9689589 8254675 0
9695080 9690596 9101330 0
9695095 9691133 4016204 0
9695147 9687187 4482291 0
9695583 9690596 7059909 0
9695634 9690596 8633616 0
9695751 9691133 7041165 0
9699333 9679781 -11 0
9699381 9679863 -11 0
9699382 9679781 -11 0
9699451 9675187 5858152 0
9699467 9677109 8129132 0
9699629 -11 9650489 0
9699648 9699747 -11 0
9699686 9679846 9650501 0
9699747 -11 -11 0
9699748 -11 -11 0
9699809 9679849 -11 0
9700695 9679260 9700751 0
9700715 9679213 9700747 0
9700734 9679235 0 0
9700747 9679046 0 0
9700751 0 0 0
9700762 9679460 -11 0
9700765 9679499 0 0
9700824 9679765 9650529 0
9701936 9654523 -11 0
9705952 9651891 -11 0
9705956 9666731 -11 0
9706056 9652654 -11 0
9706431 9679589 0 0
9706444 9679216 0 0
9715642 9679213 0 0
9715751 0 9715754 0
9715754 10261723 0 0
9715756 0 9715760 0
9715757 0 9715760 0
9715759 10261729 0 0
9715760 10261728 0 0
10261723 10261728 -11 0
10261728 -11 -11 0
10261729 9671333 -11 0
10954858 -11 10954863 0
10954863 9699686 -11 0
20000001 9678650 2613546 0
20000003 9678650 2613546 0
20000004 9678650 2613546 0
20000006 9668712 2660683 0
20000007 9668712 2660683 0
20000008 9678676 2783448 0
20000009 9678676 2783448 0
20000022 9686588 3616676 0
20000023 9686588 3616676 0
20000025 9678650 3760733 0
20000029 9664829 6323319 0
20000030 9664829 6323292 0
20000031 9664829 6323292 0
20000033 9682388 4516196 0
20000035 9682388 4516196 0
20000037 9682388 4750593 0
20000038 9684186 4424227 0
20000039 9684186 4766413 0
20000040 9684186 4766413 0
20000042 9678650 4779809 0
20000043 9678650 4779809 0
20000044 9684186 4958880 0
20000045 9686588 4983510 0
20000046 9684789 5145003 0
20000048 9684789 5145003 0
20000050 9684787 5928945 0
20000052 9684789 6057764 0
20000053 9684789 6075666 0
20000054 9684789 6075666 0
20000055 9684789 6075666 0
20000056 9684789 6075666 0
20000059 9684789 6075666 0
20000061 9682388 6082599 0
20000063 9683986 6145621 0
20000064 9683986 6145621 0
20000065 9683986 6163275 0
20000066 9684789 6210459 0
20000067 9684186 6210495 0
20000068 9664829 6285295 0
20000069 9664829 6285295 0
20000070 9664829 6285295 0
20000072 9684186 6480420 0
20000074 9668712 2800033 0
20000075 9668712 2660716 0
20000076 9668712 2660716 0
20000077 9669156 9506300 0
20000078 9686589 6326769 0
20000079 9669156 3143005 0
20000080 9669156 2660716 0
20000081 9669156 9506300 0
20000084 9684186 3789741 0
20000085 9670224 7249709 0
20000086 9670224 7249709 0
20000087 9670224 7249709 0
20000088 9686588 8011581 0
20000089 9686588 4615268 0
20000090 9686588 4615268 0
20000091 9669190 2788126 0
20000092 9669190 2788126 0
20000093 9670224 7249709 0
20000094 9670224 7249709 0
20000095 9670224 7249709 0
20000096 9670224 7249709 0
20000097 9669190 7217982 0
20000099 9686589 6421712 0
20000100 9669467 5097390 0
20000101 9670224 6325885 0
20000104 9684286 6158133 0
20000105 9669190 7223991 0
20000106 9688388 7055989 0
20000107 9688391 8543380 0
20000108 9669467 5097392 0
20000109 9669467 6937972 0
20000110 9663715 8543380 0
20000111 9669190 7223991 0
20000112 9669190 7223991 0
20000113 9688387 7059812 0
20000115 9688387 7059812 0
20000117 9688388 8701258 0
20000118 9688388 7985455 0
20000119 9688388 7985455 0
20000121 9688387 7059812 0
20000122 9688388 8701258 0
20000123 9669729 8129057 0
20000124 9669729 8129057 0
20000125 9688391 8543380 0
20000127 9688391 7059882 0
20000128 9688391 3670847 0
20000129 9669678 8632211 0
20000130 9688391 4750709 0
20000132 9688391 7347668 0
20000133 9688388 8633618 0
20000134 9669729 2613648 0
20000135 9688391 7347668 0
20000138 9688391 6210512 0
20000139 9689589 3913536 0
20000143 9688391 5944862 0
20000145 9688388 8633618 0
20000146 9688388 8633618 0
20000147 9688388 8633618 0
20000148 9682156 8254666 0
20000149 9669910 3760883 0
20000150 9682156 8254666 0
20000151 9689845 6313533 0
20000152 9688391 8633616 0
20000153 9669892 2613648 0
20000156 9690655 6480522 0
20000157 9690655 6480522 0
20000158 9690655 6480522 0
20000159 9688388 7059882 0
20000160 9669701 3760885 0
20000161 9669701 3760885 0
20000162 9669509 3760884 0
20000163 9669701 8129064 0
20000164 9669701 8129064 0
20000166 9690655 6480522 0
20000167 9669701 2660653 0
20000168 9669701 2660653 0
20000169 9669701 2660653 0
20000170 9669701 2660653 0
20000172 9690385 6838291 0
20000173 9669701 2660653 0
20000174 9669701 2660653 0
20000176 9682156 6838291 0
20000177 9669847 6838307 0
20000178 9690983 8254727 0
20000179 9688388 6838302 0
20000180 9669847 6838307 0
20000181 9682156 6838302 0
20000182 9669701 8129064 0
20000183 9670056 6838306 0
20000184 9691133 4482312 0
20000185 9669892 6838298 0
20000186 9690983 6417112 0
20000187 9684789 6945164 0
20000188 9684789 6945164 0
20000191 9682388 7055866 0
20000193 9683986 7055843 0
20000196 9684789 7059651 0
20000199 9682386 7333799 0
20000200 9686588 7333897 0
20000201 9686588 7333897 0
20000202 9686588 7333897 0
20000203 9659147 7347593 0
20000204 9659147 7347593 0
20000205 9662336 7860751 0
20000206 9668712 2800033 0
20000207 9668712 2800033 0
20000209 9668712 2800032 0
20000210 9668712 2800032 0
20000211 9682986 6421713 0
20000212 9682986 6421713 0
20000213 9682986 6421713 0
20000214 9682986 6421713 0
20000217 9669156 6937972 0
20000218 9686588 3419571 0
20000219 9686588 7333897 0
20000221 9686589 6326769 0
20000222 9687489 4750658 0
20000225 9686588 3670811 0
20000226 9686588 8011581 0
20000228 9686588 4615268 0
20000229 9684186 4359813 0
20000231 9682388 5899147 0
20000232 9686589 5760261 0
20000234 9686589 4359715 0
20000237 9686589 6326737 0
20000238 9686589 6326737 0
20000239 9686589 6421712 0
20000240 9687789 8254668 0
20000241 9687489 4750658 0
20000243 9688391 6370992 0
20000244 9686589 3419500 0
20000245 9669467 6937972 0
20000249 9669467 6937972 0
20000251 9688391 6075706 0
20000254 9676423 3541382 0
20000255 9688391 3670847 0
20000259 9688391 4646623 0
20000261 9654164 7937142 0
20000265 9688391 8599688 0
20000269 9688391 6210512 0
20000270 9688388 7059909 0
20000271 9687790 8254654 0
20000272 9676643 9433934 0
20000273 9688391 6291621 0
20000274 9682156 7347659 0
20000275 9689845 5145160 0
20000276 9673007 9433934 0
20000278 9689845 5145160 0
20000279 9689845 5145103 0
20000282 9673007 9433934 0
20000283 9676643 5108203 0
20000284 9689589 6075740 0
20000288 9689589 6210595 0
20000289 9689589 6075740 0
20000290 9690596 7347360 0
20000292 9690596 7347360 0
20000297 9690655 6480522 0
20000298 9676921 3217449 0
20000300 9688388 8129116 0
20000302 9688388 8129116 0
20000304 9691698 8129127 0
20000306 9677109 8129132 0
20000307 9675447 3232206 0
20000308 9682043 8129116 0
20000309 9682156 8129125 0
20000310 9691940 9101378 0
20000311 9682388 8253685 0
20000312 9682388 8253685 0
20000313 9662336 8905036 0
20000314 9672262 6548141 0
20000315 9672262 6552399 0
20000316 9672262 6552399 0
20000317 9672262 6548141 0
20000318 9672262 6552399 0
20000319 9672262 6548141 0
20000320 9672262 6552399 0
20000321 9683986 8254625 0
20000322 9684186 4614862 0
20000323 9684789 7059857 0
20000324 9684789 7059854 0
20000325 9684789 7059854 0
20000327 9682388 4825620 0
20000328 9681986 8254625 0
20000329 9681986 7059856 0
20000331 9686588 9381969 0
20000332 9686588 6421712 0
20000334 9686589 7055930 0
20000335 9684789 3419466 0
20000336 9686588 7059857 0
20000338 9686588 7059854 0
20000341 9670296 5097251 0
20000342 9682388 6338482 0
20000343 9672296 4712091 0
20000345 9672296 4712091 0
20000348 9672296 4712091 0
20000349 9686589 6326737 0
20000350 9686588 7059856 0
20000351 9687489 4750658 0
20000353 9684789 5045425 0
20000354 9684789 5045425 0
20000355 9687789 8254668 0
20000356 9687789 8254668 0
20000357 9686589 3419500 0
20000358 9686588 7059856 0
20000359 9686589 3419500 0
20000360 9686589 3419500 0
20000367 9688387 7059812 0
20000368 9688387 7059812 0
20000372 9688391 7059882 0
20000373 9672346 5782787 0
20000374 9688391 7059882 0
20000375 9663715 8599677 0
20000376 9663715 8599677 0
20000377 9688388 8599707 0
20000378 9689186 8254654 0
20000379 9688391 8011519 0
20000381 9689587 4016150 0
20000382 9663715 6082654 0
20000383 9687187 5145003 0
20000384 9689587 4016150 0
20000385 9687187 5145003 0
20000387 9682156 8254666 0
20000388 9682156 4614862 0
20000389 9682156 8254625 0
20000390 9682156 8254654 0
20000391 9682156 8633616 0
20000392 9672346 9262748 0
20000393 9688391 8633616 0
20000395 9689589 8254674 0
20000397 9688388 8254692 0
20000398 9688388 8254692 0
20000399 9690655 6480522 0
20000400 9682156 4244597 0
20000401 9688391 8254692 0
20000402 9691133 8254699 0
20000403 9690596 3670901 0
20000405 9672377 4712161 0
20000406 9672377 4712161 0
20000407 9689589 6421716 0
20000408 9685501 8254699 0
20000409 9688391 8254696 0
20000410 9688391 9509213 0
20000411 9690655 6480522 0
20000412 9690655 8254718 0
20000413 9691133 3670901 0
20000414 9691133 3670901 0
20000415 9690655 8254718 0
20000418 9684727 8254667 0
20000419 9684727 3670901 0
20000420 9687187 5045494 0
20000421 9690596 7059909 0
20000423 9669190 6838306 0
20000424 9690596 7059909 0
20000426 9690596 8633616 0
20000427 9691698 5145156 0
20000428 9688388 5145158 0
20000430 9684789 8633417 0
20000431 9684789 8633417 0
20000432 9684789 8633417 0
20000436 9684186 9101278 0
20000440 9673899 9198409 0
20000441 9672296 9262665 0
20000445 9683986 6337858 0
20000449 9684186 6337847 0
20000450 9684186 6337847 0
20000451 9684186 6337847 0
