1341 748 1 2 4 20141041 612.716049382716 11 162
3782 287 1 2 4 20141082 582.073170731707 11 164
1753 1206 1 2 4 20151253 714.117647058824 18 170
1620 1232 1 2 4 20151426 650.581395348837 15 172
1547 166 1 2 1 20151727 671.25 21 144
1364 357 1 2 1 20151750 694 18 140
2606 767 1 2 1 20151800 736.40625 13 128
2384 1593 1 2 1 20152110 631.818181818182 15 154
1669 411 1 2 2 20152273 666.442953020134 14 149
1394 1258 1 2 2 20152468 595.945945945946 11 148
1301 357 1 2 2 20153153 564.429530201342 13 149
1628 177 1 2 2 20153159 720.134228187919 17 149
2006 1545 1 2 3 20153270 616.149068322981 10 161
1333 1247 1 2 3 20153427 594.904458598726 11 157
1999 1624 1 2 3 20153861 644.897959183673 15 147
1383 217 1 2 3 20153932 747.435897435897 20 156
2065 1834 1 2 3 20154438 637.579617834395 10 157
1849 1432 1 2 4 20154939 658.59872611465 14.7 157
2628 1432 1 2 4 20154939 647.770700636943 15 157
2129 388 1 2 4 20155156 591.082802547771 13 157
2485 1389 1 2 2 20160004 711.688311688312 16.1 154
1484 1421 1 1 2 20160005 715.584415584416 14.9 154
1293 431 1 1 2 20160015 794.155844155844 20 154
2530 1529 1 2 2 20160135 639.189189189189 14.1 148
1606 1370 1 2 2 20160250 808.053691275168 22.1 149
1736 1309 1 2 2 20160792 698.064516129032 17 155
3001 1309 1 2 2 20160792 656.774193548387 15 155
3397 2204 1 2 2 20160844 674.509803921569 15 153
2223 1426 1 2 2 20160919 770.512820512821 17 156
3444 2105 1 2 2 20160936 610.967741935484 11 155
1599 1360 1 2 2 20161391 717.218543046358 13 151
2088 1719 1 2 2 20161401 633.333333333333 14 150
1584 1409 1 2 2 20161424 649.333333333333 17 150
2721 1839 1 2 2 20161430 652.348993288591 12 149
2320 1915 1 2 2 20161561 601.351351351351 15 148
2455 231 1 2 3 20161659 631.578947368421 9 152
2015 1857 1 2 3 20161712 745.695364238411 15 151
1996 1605 1 2 3 20161833 628.187919463087 10 149
3625 1834 1 2 3 20161879 679.72972972973 15 148
2417 1744 1 2 3 20161984 691.275167785235 15 149
2411 1659 1 2 3 20162134 583.783783783784 12 148
3595 2315 1 2 3 20162238 767.114093959732 17 149
3474 404 1 2 3 20162485 692.405063291139 14 158
4449 1343 1 2 3 20162849 597.368421052632 14 152
3747 2719 1 2 3 20163131 718.421052631579 15 152
3463 606 1 2 3 20163187 701.333333333333 15 150
4409 1797 1 2 3 20163406 678.260869565217 14 161
3029 2427 1 2 3 20163409 638.509316770186 11 161
3930 1337 1 2 4 20163724 614.193548387097 10 155
3289 2559 1 2 4 20163799 703.184713375796 14 157
2541 373 1 2 4 20163849 638.064516129032 13 155
3969 2035 1 2 4 20163881 609.090909090909 18 154
3658 1327 1 2 4 20163945 633.75 14 160
2020 1552 1 2 4 20163967 714.465408805031 17 159
1372 1254 1 2 4 20165173 623.076923076923 15 156
3396 2610 1 2 1 20166432 666.666666666667 23.1 156
2540 1347 1 2 1 20166587 674.358974358974 20.8 156
3582 1453 1 2 1 20166770 568.354430379747 9.2 158
2297 1799 1 2 1 20166842 590.909090909091 13.4 154
2398 275 1 2 1 20167030 602.547770700637 14.1 157
1514 1405 1 1 1 20167105 683.660130718954 10.8 153
1892 1224 1 2 1 20167114 600 18.7 153
1285 348 1 1 1 20167170 722.784810126582 16 158
3140 2527 1 2 1 20167207 606.369426751592 14.7 157
3247 2599 1 2 1 20167490 584.210526315789 16 152
2639 1718 1 2 1 20167543 715.189873417722 23.6 158
4319 1823 1 2 1 20167637 763.870967741935 16 155
1488 1339 1 1 1 20167701 726.666666666667 19.9 150
1501 1442 1 1 1 20167802 822.666666666667 20.6 150
2775 1706 1 2 2 20167949 680.769230769231 15.7 156
2294 1896 1 2 2 20167951 707.692307692308 12.5 156
3434 2112 1 2 2 20170017 655.769230769231 14 156
2494 1905 1 2 2 20170210 625.806451612903 15 155
2550 1305 1 2 2 20170236 638.853503184713 11 157
2236 1878 1 2 2 20170256 701.910828025478 12 157
3764 1706 1 2 2 20170260 660.25641025641 15 156
4328 2467 1 2 2 20170265 663.225806451613 13 155
3895 1427 1 2 2 20170281 632.903225806452 15 155
3302 2562 1 2 2 20170288 645.512820512821 13 156
3491 2507 1 2 2 20170296 620.645161290323 15 155
2924 1655 1 2 2 20170302 634.838709677419 13 155
3892 1564 1 2 2 20170347 606.535947712418 15 153
2079 1852 1 2 2 20170455 803.846153846154 16 156
2928 2436 1 2 2 20170496 677.5 14 160
3440 1359 1 2 2 20170531 690.445859872611 12 157
4142 1579 1 2 3 20170597 553.246753246753 19 154
1988 1702 1 2 3 20170777 685.534591194969 15 159
2794 1722 1 2 3 20170786 640.506329113924 9 158
1990 1761 1 2 3 20170799 581.012658227848 13 158
3762 1761 1 2 3 20170799 527.848101265823 12 158
3460 1761 1 2 3 20170799 587.341772151899 14 158
4813 2445 1 2 3 20170820 622.929936305732 14 157
4236 1612 1 2 3 20170840 671.794871794872 13 156
1974 1600 1 2 3 20170857 562.820512820513 11 156
3116 1600 1 2 3 20170857 620.512820512821 14 156
3535 2476 1 2 3 20170858 624.358974358974 10 156
3078 2718 1 2 3 20170869 633.333333333333 11 156
4550 2141 1 2 3 20170870 619.230769230769 9 156
3433 2392 1 2 3 20170897 611.180124223602 18 161
3340 2752 1 2 3 20170909 648.75 12 160
3791 2498 1 2 3 20170919 627.672955974843 12 159
3060 2309 1 2 3 20170961 645.859872611465 13 157
4349 1661 1 2 3 20171005 684.615384615385 14 156
3297 2676 1 2 3 20171174 716.770186335404 15 161
3098 1598 1 2 3 20171186 595 11 160
3498 2512 1 2 3 20171226 603.79746835443 13 158
2452 1713 1 2 3 20171279 656.050955414013 19 157
1932 1849 1 1 3 20171636 632.926829268293 13 164
1965 1552 1 1 3 20171889 583.030303030303 9 165
3922 2803 1 2 3 20172082 656.774193548387 9 155
4459 2384 1 2 3 20172084 601.282051282051 13 156
1936 1671 1 1 3 20172262 551.204819277108 15 166
1964 1760 1 1 4 20172433 647.272727272727 11 165
1923 1364 1 1 4 20172583 635.802469135802 10 162
3000 2129 1 2 4 20174254 628.205128205128 16 156
2736 1666 1 2 4 20174338 564.556962025316 10 158
3689 2502 1 2 4 20174361 617.834394904459 9 157
2549 1619 1 2 4 20175087 618.75 15 160
2973 2773 1 2 1 20175168 608.536585365854 15 164
1987 1774 1 2 1 20175423 641.717791411043 12 163
1639 1225 1 2 1 20175452 664.197530864198 15 162
2049 1878 1 2 1 20175542 820.792682926829 15 164
3476 2372 1 2 1 20175618 648.447204968944 10 161
2008 1688 1 2 1 20175633 639.375 14 160
2447 1555 1 2 1 20175781 668.072289156627 17 166
4025 2086 1 2 1 20175786 681.012658227848 14 158
2681 1351 1 2 1 20175893 640.119760479042 12 167
4684 1755 1 2 1 20175970 603.658536585366 17 164
2221 1862 1 2 1 20176022 598.765432098765 17 162
2195 1663 1 2 1 20176076 661.44578313253 10 166
2677 1660 1 2 1 20176108 736.585365853659 20 164
3590 2103 1 2 1 20176155 740.588235294118 19 170
2442 1876 1 2 1 20176162 659.259259259259 21 162
3335 2189 1 2 1 20176174 600.59880239521 14 167
4819 2481 1 2 1 20176214 561.212121212121 17 165
3956 1867 1 2 1 20176215 775 18 164
2767 1867 1 2 1 20176215 642.073170731707 14 164
2738 1647 1 2 1 20176218 832.926829268293 30 164
2278 1904 1 2 1 20176231 716.564417177914 19 163
2569 1661 1 2 1 20176250 649.693251533742 15 163
2001 1661 1 2 1 20176250 700.613496932515 16 163
1590 1441 1 2 1 20176325 656.969696969697 13 165
2596 1614 1 2 1 20176347 664.634146341463 18 164
2748 1596 1 2 1 20176440 583.030303030303 13 165
4404 2671 1 2 1 20176488 823.312883435583 22 163
3912 2206 1 2 1 20176494 618.518518518518 14 162
2405 1899 1 2 1 20176672 647.852760736196 11 163
3395 1829 1 2 1 20176699 692.121212121212 19 165
3441 1301 1 2 1 20176705 627.878787878788 16 165
2535 1316 1 2 1 20176721 704.878048780488 18 164
3279 2248 1 2 1 20176775 588.888888888889 16 162
4759 1327 1 2 1 20176780 734.969325153374 24 163
4412 1468 1 2 1 20176812 582.142857142857 9 168
3876 2765 1 2 1 20176825 696.385542168675 18 166
2459 1657 1 2 1 20176832 712.727272727273 14 165
1950 1553 1 1 1 20176835 746.951219512195 21 164
3088 2594 1 2 2 20176843 576.829268292683 17 164
2707 1536 1 2 2 20176866 663.414634146341 11 164
2310 1700 1 2 2 20176909 693.251533742331 9 163
3237 2606 1 2 2 20176934 641.916167664671 13 167
2759 1870 1 2 2 20176957 609.69696969697 13 165
2151 1820 1 2 2 20176960 677.10843373494 26 166
4140 1613 1 2 2 20176962 596.385542168675 14 166
2644 1613 1 2 2 20176962 628.915662650602 14 166
2800 1583 1 2 2 20176967 710.30303030303 15 165
2302 1740 1 2 2 20176973 566.060606060606 14 165
4008 1740 1 2 2 20176973 675.151515151515 15 165
2440 1428 1 2 2 20176977 625.454545454545 15 165
3190 1428 1 2 2 20176977 601.212121212121 17 165
3022 1624 1 2 2 20176981 714.634146341463 21 164
3422 1633 1 2 2 20176984 658.536585365854 14 164
2215 1531 1 2 2 20176989 631.707317073171 14 164
2225 1791 1 2 2 20176992 735.365853658537 21 164
3383 1395 1 2 2 20177010 718.292682926829 21 164
2914 1395 1 2 2 20177010 626.829268292683 14 164
4038 2167 1 2 2 20177030 655.21472392638 16 163
3416 1666 1 2 2 20177125 690.243902439024 22 164
2085 1908 1 2 2 20177183 689.411764705882 17 170
3913 2655 1 2 2 20177218 602.409638554217 14 166
4562 2687 1 2 2 20177239 578.181818181818 8 165
3212 2687 1 2 2 20177239 591.515151515152 9 165
3407 1329 1 2 2 20177249 680.487804878049 11 164
3660 1719 1 2 2 20177253 714.634146341463 14 164
2508 1895 1 2 2 20177255 709.756097560976 12 164
3208 1880 1 2 2 20177264 722.424242424242 15 165
3374 1880 1 2 2 20177264 705.454545454545 16 165
1981 1880 1 2 2 20177264 640 14 165
4080 1880 1 2 2 20177264 638.787878787879 15 165
4282 1326 1 2 2 20177271 604.878048780488 14 164
110 0 1 1 2 20177273 530.674846625767 7 163
2514 1689 1 2 2 20177277 714.634146341463 13 164
2881 1328 1 2 2 20177280 617.073170731707 15 164
2298 1711 1 2 2 20177285 639.024390243902 13 164
2769 1711 1 2 2 20177285 563.414634146341 11 164
2213 1711 1 2 2 20177285 612.19512195122 15 164
2453 1803 1 2 2 20177288 641.717791411043 14 163
2269 1766 1 2 2 20177289 655.21472392638 14 163
2573 1766 1 2 2 20177289 628.220858895706 13 163
4844 1814 1 2 2 20177297 667.484662576687 13 163
2683 1814 1 2 2 20177297 615.950920245399 11 163
4772 1549 1 2 2 20177340 657.668711656442 11 163
3514 1549 1 2 2 20177340 619.631901840491 17 163
1924 1337 1 1 2 20177355 673.456790123457 15 162
3087 2019 1 2 2 20177358 574.074074074074 13 162
4796 1360 1 2 2 20177389 742.5 15 160
1948 1545 1 1 2 20177421 783.018867924528 18 159
3619 2389 1 2 2 20177422 621.823899371069 11 159
2217 1379 1 2 2 20177431 548.73417721519 12 158
3634 2418 1 2 2 20177443 648.148148148148 21 162
2144 1704 1 2 2 20177464 687.5 22 160
3080 1704 1 2 2 20177464 706.25 11 160
2724 1526 1 2 2 20177467 580 12 160
2692 1526 1 2 2 20177467 603.14465408805 15 159
2912 2178 1 2 2 20177468 645 19 160
4060 1672 1 2 2 20177470 597.435897435897 13 156
2222 1757 1 2 2 20177477 593.710691823899 9 159
2731 1631 1 2 2 20177485 592.452830188679 13 159
2475 1631 1 2 2 20177485 664.150943396226 17 159
2457 1631 1 2 2 20177485 640.251572327044 19 159
2813 1544 1 2 2 20177486 624.203821656051 14 157
4698 2404 1 2 2 20177489 601.26582278481 10 158
4466 2355 1 2 2 20177519 523.566878980892 9 157
4757 2116 1 2 2 20177528 639.490445859873 15 157
4208 2116 1 2 2 20177528 608.917197452229 12 157
2066 1865 1 2 2 20177536 624.358974358974 13 156
4167 2358 1 2 2 20177537 702.564102564103 16 156
2264 1765 1 2 2 20177538 658.974358974359 12 156
2497 1760 1 2 2 20177566 676.25 13 160
3264 1696 1 2 2 20177580 656.774193548387 14 155
4998 3030 1 2 2 20177700 580.392156862745 11 153
1946 1868 1 1 2 20177739 723.60248447205 16 161
2159 1739 1 2 2 20177847 657.861635220126 17 159
4036 2552 1 2 4 20183401 590.532544378698 15 169
2985 2245 1 2 4 20183415 679.041916167665 16 167
3800 2330 1 2 4 20183448 503.680981595092 13 163
1945 1685 1 1 4 20183691 613.294797687861 11 173
2837 2689 1 1 4 20183818 579.761904761905 7 168
4095 2317 1 2 4 20183825 638.181818181818 15 165
3509 2593 1 2 1 20184346 712.574850299401 18 167
3729 2227 1 2 1 20184562 628.571428571429 18 168
4290 2278 1 2 1 20184595 556.547619047619 12 168
4518 2606 1 2 1 20184642 681.707317073171 14 164
3122 2100 1 2 1 20184882 552.07100591716 10 169
4498 2100 1 2 1 20184882 518.324607329843 11 191
4045 2016 1 2 1 20184964 638.235294117647 16 170
3830 1623 1 2 1 20184973 664.197530864198 13 162
4517 1527 1 2 1 20184998 606.211180124224 15 161
2971 1738 1 2 1 20185001 690.217391304348 15 184
4255 2409 1 2 1 20185175 543.975903614458 11 166
3975 2406 1 2 1 20185259 622.222222222222 10 162
3096 2234 1 2 1 20185269 604.294478527607 15 163
3390 1619 1 2 1 20185335 660.365853658537 12 164
4212 2709 1 2 1 20185380 696.296296296296 14 162
4295 2009 1 2 1 20185389 660.493827160494 14 162
2793 1640 1 2 1 20185437 737.5 16 160
3519 2190 1 2 1 20185539 608.024691358025 12 162
3530 2066 1 2 2 20185893 548.255813953488 14 172
4627 2514 1 2 2 20186058 646.625766871166 10 163
4533 2441 1 2 2 20186737 581.25 12 160
3093 2371 1 2 2 20186853 563.030303030303 13 165
3410 1578 1 2 2 20186868 596.969696969697 12 165
3740 2287 1 2 2 20186893 637.80487804878 17 164
3053 2521 1 2 2 20187005 615.094339622642 16 159
2844 2475 1 1 2 20187019 629.518072289157 11 166
4374 2073 1 2 2 20187033 684.076433121019 18 157
4024 2447 1 2 2 20187034 541.40127388535 8 157
3571 2074 1 2 2 20187056 623.717948717949 9 156
2824 2114 1 1 2 20187091 463.297872340426 9 188
2825 1301 1 1 2 20187134 586.163522012579 8 159
2927 2256 1 2 2 20187141 672.39263803681 12 163
4048 1523 1 2 2 20187211 530.864197530864 10 162
2957 2550 1 2 2 20187275 654.777070063694 13 157
4288 2525 1 2 2 20187289 542.307692307692 9 156
3499 2221 1 2 2 20187302 571.794871794872 11 156
4797 2239 1 2 2 20187309 583.333333333333 12 162
4537 2161 1 2 2 20187327 578.846153846154 8 156
3118 2214 1 2 2 20187348 648.765432098765 13 162
3371 1657 1 2 2 20187375 609.937888198758 12 161
3901 2542 1 2 2 20187416 598.101265822785 12 158
2946 2542 1 2 2 20187416 545.283018867925 14 159
4172 1606 1 2 2 20187418 603.184713375796 10 157
3344 2802 1 2 2 20187456 543.312101910828 11 157
2895 2227 1 2 2 20187460 635.031847133758 14 157
4213 1561 1 2 2 20187463 639.102564102564 11 156
3620 2236 1 2 2 20187469 662.337662337662 14 154
3426 2570 1 2 2 20187470 608.333333333333 13 156
4660 2665 1 2 2 20187471 603.205128205128 7 156
4745 2764 1 2 2 20187508 712.418300653595 17 153
4919 3406 1 1 2 20187561 613.496932515337 9 163
3926 2313 1 2 2 20187611 598.830409356725 14 171
4010 2129 1 2 3 20187760 573.619631901841 9 163
2849 1527 1 1 3 20187862 656.363636363636 9 165
4856 2787 1 1 4 20189986 739.772727272727 17 176
4873 3214 1 1 4 20191084 639.181286549708 12 171
4863 2256 1 1 4 20191140 498.235294117647 8 170
4881 2444 1 1 1 20192230 598.159509202454 11 163
4846 2456 1 1 1 20193310 600.621118012422 14 161
4875 1523 1 1 2 20193873 590.062111801242 9 161
4884 4673 1 1 2 20193883 631.055900621118 10 161
4858 3243 1 1 2 20194046 647.530864197531 16 162
